metadata:
  dataset_name: val
  experiment_id: 2025-12-05_14-56-42_reuters_fusion_100000ppm_20251205_145641_openai
  git_commit: 2792fdd96ec6271c427356d1d0f2225d4491401d
  model_name: openai_classifier
  timestamp: '2025-12-05T14:56:49.227641'
metrics:
  f1: 0.0
  hamming_loss: 0.11128284389489954
  micro_f1: 0.8887171561051005
  micro_precision: 0.8887171561051005
  micro_recall: 0.8887171561051005
  precision: 0.0
  recall: 0.0
  subset_accuracy: 0.0
