metadata:
  dataset_name: test
  experiment_id: 2025-11-23_02-04-12_reuters_fusion_100000ppm_20251123_020409
  git_commit: a3151dc909f4addf8b94dfb0ec91bd2a771baa08
  model_name: fusion_ensemble
  timestamp: '2025-11-23T02:05:54.331005'
metrics:
  f1: 0.0003929273084479371
  hamming_loss: 0.10946954813359529
  micro_f1: 0.8905304518664047
  micro_precision: 0.8905304518664047
  micro_recall: 0.8905304518664047
  precision: 0.0003929273084479371
  recall: 0.0003929273084479371
  subset_accuracy: 0.0003929273084479371
