metadata:
  dataset_name: test
  experiment_id: 2025-11-11_16-23-33_goemotions_80pct_2025-11-11_16-23-19
  git_commit: f8bc36cd78b47b94557e48b353b85ac1fd17bf73
  model_name: fusion_ensemble
  timestamp: '2025-11-11T16:23:50.390762'
metrics:
  f1: 0.09398138320691288
  hamming_loss: 0.7411428571428571
  micro_f1: 0.25885714285714284
  micro_precision: 0.25885714285714284
  micro_recall: 0.25885714285714284
  precision: 0.050059682214232626
  recall: 0.9038333333333334
  subset_accuracy: 0.0
