metadata:
  dataset_name: validation
  experiment_id: 2025-11-11_16-23-33_goemotions_80pct_2025-11-11_16-23-19
  git_commit: f8bc36cd78b47b94557e48b353b85ac1fd17bf73
  model_name: fusion_ensemble
  timestamp: '2025-11-11T16:23:44.381666'
metrics:
  f1: 0.09310649986000616
  hamming_loss: 0.7385714285714285
  micro_f1: 0.26142857142857145
  micro_precision: 0.26142857142857145
  micro_recall: 0.26142857142857145
  precision: 0.0495886448013531
  recall: 0.88
  subset_accuracy: 0.0
