metadata:
  dataset_name: test
  experiment_id: 2025-11-11_16-04-12_goemotions_70pct_2025-11-11_16-03-58
  git_commit: 04a9d080a5f09968d8d3c2db7968382971388af4
  model_name: fusion_ensemble
  timestamp: '2025-11-11T16:04:30.220181'
metrics:
  f1: 0.09317031833339681
  hamming_loss: 0.6391428571428571
  micro_f1: 0.3608571428571429
  micro_precision: 0.3608571428571429
  micro_recall: 0.3608571428571429
  precision: 0.05009727360274271
  recall: 0.7737666666666666
  subset_accuracy: 0.0
