metadata:
  dataset_name: validation
  experiment_id: 2025-10-20_20-30-53_ag_news_100pct_2025-10-20_20-30-53_roberta
  git_commit: 24f5d3e9febffa43560e191bcce5d720ba82fb21
  model_name: roberta_classifier
  timestamp: '2025-10-20T20:34:04.127305'
metrics:
  accuracy: 0.924
  classification_report:
    accuracy: 0.924
    label_1:
      f1-score: 0.9387755102040817
      precision: 0.9583333333333334
      recall: 0.92
      support: 125.0
    label_2:
      f1-score: 0.9725490196078431
      precision: 0.9538461538461539
      recall: 0.992
      support: 125.0
    label_3:
      f1-score: 0.9112903225806451
      precision: 0.9186991869918699
      recall: 0.904
      support: 125.0
    label_4:
      f1-score: 0.873015873015873
      precision: 0.8661417322834646
      recall: 0.88
      support: 125.0
    macro avg:
      f1-score: 0.9239076813521108
      precision: 0.9242551016137055
      recall: 0.9239999999999999
      support: 500.0
    weighted avg:
      f1-score: 0.9239076813521108
      precision: 0.9242551016137055
      recall: 0.924
      support: 500.0
  f1_weighted: 0.9239076813521108
  precision_weighted: 0.9242551016137055
  recall_weighted: 0.924
