metadata:
  dataset_name: test
  experiment_id: 2025-10-20_20-30-53_ag_news_100pct_2025-10-20_20-30-53_roberta
  git_commit: 24f5d3e9febffa43560e191bcce5d720ba82fb21
  model_name: roberta_classifier
  timestamp: '2025-10-20T20:34:47.974997'
metrics:
  accuracy: 0.922
  classification_report:
    accuracy: 0.922
    label_1:
      f1-score: 0.9218106995884774
      precision: 0.9491525423728814
      recall: 0.896
      support: 125.0
    label_2:
      f1-score: 0.9800796812749004
      precision: 0.9761904761904762
      recall: 0.984
      support: 125.0
    label_3:
      f1-score: 0.8755020080321285
      precision: 0.8790322580645161
      recall: 0.872
      support: 125.0
    label_4:
      f1-score: 0.9105058365758755
      precision: 0.8863636363636364
      recall: 0.936
      support: 125.0
    macro avg:
      f1-score: 0.9219745563678454
      precision: 0.9226847282478775
      recall: 0.9219999999999999
      support: 500.0
    weighted avg:
      f1-score: 0.9219745563678454
      precision: 0.9226847282478775
      recall: 0.922
      support: 500.0
  f1_weighted: 0.9219745563678454
  precision_weighted: 0.9226847282478775
  recall_weighted: 0.922
