metadata:
  dataset_name: test
  experiment_id: 2025-11-07_02-18-06_goemotions_30pct_2025-11-07_02-17-51
  git_commit: 374caf6c55d7698b04fa708ec58a721413b803e3
  model_name: fusion_ensemble
  timestamp: '2025-11-07T02:57:41.264828'
metrics:
  f1: 0.268
  hamming_loss: 0.05871428571428571
  micro_f1: 0.9412857142857143
  micro_precision: 0.9412857142857143
  micro_recall: 0.9412857142857143
  precision: 0.268
  recall: 0.268
  subset_accuracy: 0.268
