metadata:
  dataset_name: validation
  experiment_id: 2025-12-05_15-07-33_reuters_fusion_100000ppm_20251205_150732
  git_commit: 6f7ef1a97693e915b8c5676d8f8eff83c044281f
  model_name: fusion_ensemble
  timestamp: '2025-12-05T15:07:41.627958'
metrics:
  f1: 0.782328696548171
  hamming_loss: 0.03245749613601236
  micro_f1: 0.9675425038639877
  micro_precision: 0.9675425038639877
  micro_recall: 0.9675425038639877
  precision: 0.8114374034003091
  recall: 0.7684183410613087
  subset_accuracy: 0.7279752704791345
