metadata:
  dataset_name: validation
  experiment_id: 2025-10-20_20-58-20_ag_news_8pct_2025-10-20_20-58-20_roberta
  git_commit: 24f5d3e9febffa43560e191bcce5d720ba82fb21
  model_name: roberta_classifier
  timestamp: '2025-10-20T20:58:48.594322'
metrics:
  accuracy: 0.88
  classification_report:
    accuracy: 0.88
    label_1:
      f1-score: 0.9045643153526971
      precision: 0.9396551724137931
      recall: 0.872
      support: 125.0
    label_2:
      f1-score: 0.9558232931726908
      precision: 0.9596774193548387
      recall: 0.952
      support: 125.0
    label_3:
      f1-score: 0.8494208494208494
      precision: 0.8208955223880597
      recall: 0.88
      support: 125.0
    label_4:
      f1-score: 0.8127490039840638
      precision: 0.8095238095238095
      recall: 0.816
      support: 125.0
    macro avg:
      f1-score: 0.8806393654825753
      precision: 0.8824379809201253
      recall: 0.8799999999999999
      support: 500.0
    weighted avg:
      f1-score: 0.8806393654825754
      precision: 0.8824379809201254
      recall: 0.88
      support: 500.0
  f1_weighted: 0.8806393654825754
  precision_weighted: 0.8824379809201254
  recall_weighted: 0.88
