metadata:
  dataset_name: validation
  experiment_id: 2025-11-22_19-50-35_reuters_fusion_100000ppm_20251122_195035
  git_commit: ade8a91da9a478b9ba2526b1179d101bb7f9e864
  model_name: fusion_ensemble
  timestamp: '2025-11-22T19:50:43.708521'
metrics:
  f1: 0.0
  hamming_loss: 0.11128284389489954
  micro_f1: 0.8887171561051005
  micro_precision: 0.8887171561051005
  micro_recall: 0.8887171561051005
  precision: 0.0
  recall: 0.0
  subset_accuracy: 0.0
