metadata:
  dataset_name: validation
  experiment_id: 2025-11-07_17-52-23_goemotions_50pct_2025-11-07_17-52-09_openai
  git_commit: f66ca1bc2c926314e870583d173220843bb90bfd
  model_name: openai_classifier
  timestamp: '2025-11-07T17:52:27.575020'
metrics:
  f1: 0.2750666666666667
  hamming_loss: 0.056357142857142856
  micro_f1: 0.9436428571428571
  micro_precision: 0.9436428571428571
  micro_recall: 0.9436428571428571
  precision: 0.31
  recall: 0.2588333333333333
  subset_accuracy: 0.212
