metadata:
  dataset_name: test
  experiment_id: 2025-11-11_14-29-31_goemotions_90pct_2025-11-11_14-29-02
  git_commit: 04a9d080a5f09968d8d3c2db7968382971388af4
  model_name: fusion_ensemble
  timestamp: '2025-11-11T14:30:14.991581'
metrics:
  f1: 0.08903613490701268
  hamming_loss: 0.7679285714285714
  micro_f1: 0.23207142857142857
  micro_precision: 0.23207142857142857
  micro_recall: 0.23207142857142857
  precision: 0.04728906570650749
  recall: 0.8881666666666667
  subset_accuracy: 0.0
