metadata:
  dataset_name: validation
  experiment_id: 2025-11-11_14-29-31_goemotions_90pct_2025-11-11_14-29-02
  git_commit: 04a9d080a5f09968d8d3c2db7968382971388af4
  model_name: fusion_ensemble
  timestamp: '2025-11-11T14:30:01.499468'
metrics:
  f1: 0.09119306867888215
  hamming_loss: 0.7582857142857143
  micro_f1: 0.24171428571428571
  micro_precision: 0.24171428571428571
  micro_recall: 0.24171428571428571
  precision: 0.048498238454958736
  recall: 0.8876666666666666
  subset_accuracy: 0.0
