metadata:
  dataset_name: validation
  experiment_id: 2025-11-11_16-05-33_goemotions_100pct_2025-11-11_16-05-33
  git_commit: 04a9d080a5f09968d8d3c2db7968382971388af4
  model_name: fusion_ensemble
  timestamp: '2025-11-11T16:05:44.937630'
metrics:
  f1: 0.09855099868274589
  hamming_loss: 0.5597142857142857
  micro_f1: 0.4402857142857143
  micro_precision: 0.4402857142857143
  micro_recall: 0.4402857142857143
  precision: 0.053518048248621
  recall: 0.7215
  subset_accuracy: 0.0
