metadata:
  dataset_name: validation
  experiment_id: 2025-11-11_16-02-05_goemotions_30pct_2025-11-11_16-01-51
  git_commit: 04a9d080a5f09968d8d3c2db7968382971388af4
  model_name: fusion_ensemble
  timestamp: '2025-11-11T16:02:17.563651'
metrics:
  f1: 0.08785608638460213
  hamming_loss: 0.8424285714285714
  micro_f1: 0.15757142857142858
  micro_precision: 0.15757142857142858
  micro_recall: 0.15757142857142858
  precision: 0.046461401657923396
  recall: 0.9371666666666666
  subset_accuracy: 0.0
