metadata:
  dataset_name: test
  experiment_id: 2025-10-20_20-56-57_ag_news_7pct_2025-10-20_20-56-57_roberta
  git_commit: 24f5d3e9febffa43560e191bcce5d720ba82fb21
  model_name: roberta_classifier
  timestamp: '2025-10-20T20:58:16.277343'
metrics:
  accuracy: 0.868
  classification_report:
    accuracy: 0.868
    label_1:
      f1-score: 0.8656716417910447
      precision: 0.8111888111888111
      recall: 0.928
      support: 125.0
    label_2:
      f1-score: 0.9354838709677419
      precision: 0.943089430894309
      recall: 0.928
      support: 125.0
    label_3:
      f1-score: 0.824
      precision: 0.824
      recall: 0.824
      support: 125.0
    label_4:
      f1-score: 0.8461538461538461
      precision: 0.908256880733945
      recall: 0.792
      support: 125.0
    macro avg:
      f1-score: 0.8678273397281582
      precision: 0.8716337807042662
      recall: 0.8680000000000001
      support: 500.0
    weighted avg:
      f1-score: 0.8678273397281582
      precision: 0.8716337807042662
      recall: 0.868
      support: 500.0
  f1_weighted: 0.8678273397281582
  precision_weighted: 0.8716337807042662
  recall_weighted: 0.868
