metadata:
  dataset_name: validation
  experiment_id: 2025-10-20_20-24-50_ag_news_60pct_2025-10-20_20-24-50_roberta
  git_commit: 24f5d3e9febffa43560e191bcce5d720ba82fb21
  model_name: roberta_classifier
  timestamp: '2025-10-20T20:26:50.084553'
metrics:
  accuracy: 0.928
  classification_report:
    accuracy: 0.928
    label_1:
      f1-score: 0.9322709163346613
      precision: 0.9285714285714286
      recall: 0.936
      support: 125.0
    label_2:
      f1-score: 0.9880478087649402
      precision: 0.9841269841269841
      recall: 0.992
      support: 125.0
    label_3:
      f1-score: 0.8995983935742972
      precision: 0.9032258064516129
      recall: 0.896
      support: 125.0
    label_4:
      f1-score: 0.891566265060241
      precision: 0.8951612903225806
      recall: 0.888
      support: 125.0
    macro avg:
      f1-score: 0.927870845933535
      precision: 0.9277713773681515
      recall: 0.9279999999999999
      support: 500.0
    weighted avg:
      f1-score: 0.9278708459335349
      precision: 0.9277713773681514
      recall: 0.928
      support: 500.0
  f1_weighted: 0.9278708459335349
  precision_weighted: 0.9277713773681514
  recall_weighted: 0.928
