metadata:
  dataset_name: test
  experiment_id: 2025-10-20_20-24-50_ag_news_60pct_2025-10-20_20-24-50_roberta
  git_commit: 24f5d3e9febffa43560e191bcce5d720ba82fb21
  model_name: roberta_classifier
  timestamp: '2025-10-20T20:27:37.818872'
metrics:
  accuracy: 0.91
  classification_report:
    accuracy: 0.91
    label_1:
      f1-score: 0.9186991869918699
      precision: 0.9338842975206612
      recall: 0.904
      support: 125.0
    label_2:
      f1-score: 0.9718875502008032
      precision: 0.9758064516129032
      recall: 0.968
      support: 125.0
    label_3:
      f1-score: 0.8537549407114624
      precision: 0.84375
      recall: 0.864
      support: 125.0
    label_4:
      f1-score: 0.8968253968253969
      precision: 0.889763779527559
      recall: 0.904
      support: 125.0
    macro avg:
      f1-score: 0.910291768682383
      precision: 0.9108011321652809
      recall: 0.9099999999999999
      support: 500.0
    weighted avg:
      f1-score: 0.910291768682383
      precision: 0.9108011321652808
      recall: 0.91
      support: 500.0
  f1_weighted: 0.910291768682383
  precision_weighted: 0.9108011321652808
  recall_weighted: 0.91
