metadata:
  dataset_name: validation
  experiment_id: 2025-11-07_17-52-45_goemotions_60pct_2025-11-07_17-52-31
  git_commit: f66ca1bc2c926314e870583d173220843bb90bfd
  model_name: fusion_ensemble
  timestamp: '2025-11-07T17:52:50.775918'
metrics:
  f1: 0.27
  hamming_loss: 0.05921428571428571
  micro_f1: 0.9407857142857143
  micro_precision: 0.9407857142857143
  micro_recall: 0.9407857142857143
  precision: 0.27
  recall: 0.27
  subset_accuracy: 0.27
