metadata:
  dataset_name: test
  experiment_id: 2025-11-07_17-52-45_goemotions_60pct_2025-11-07_17-52-31
  git_commit: f66ca1bc2c926314e870583d173220843bb90bfd
  model_name: fusion_ensemble
  timestamp: '2025-11-07T17:52:53.920371'
metrics:
  f1: 0.268
  hamming_loss: 0.05871428571428571
  micro_f1: 0.9412857142857143
  micro_precision: 0.9412857142857143
  micro_recall: 0.9412857142857143
  precision: 0.268
  recall: 0.268
  subset_accuracy: 0.268
