metadata:
  dataset_name: test
  experiment_id: 2025-11-11_14-24-38_goemotions_50pct_2025-11-11_14-24-08
  git_commit: 04a9d080a5f09968d8d3c2db7968382971388af4
  model_name: fusion_ensemble
  timestamp: '2025-11-11T14:25:21.458728'
metrics:
  f1: 0.09638644404537795
  hamming_loss: 0.6636428571428571
  micro_f1: 0.33635714285714285
  micro_precision: 0.33635714285714285
  micro_recall: 0.33635714285714285
  precision: 0.0518574245089799
  recall: 0.8211666666666666
  subset_accuracy: 0.0
