metadata:
  dataset_name: test
  experiment_id: 2025-11-11_16-03-09_goemotions_50pct_2025-11-11_16-02-54
  git_commit: 04a9d080a5f09968d8d3c2db7968382971388af4
  model_name: fusion_ensemble
  timestamp: '2025-11-11T16:03:26.901003'
metrics:
  f1: 0.09649015363721246
  hamming_loss: 0.35264285714285715
  micro_f1: 0.6473571428571429
  micro_precision: 0.6473571428571429
  micro_recall: 0.6473571428571429
  precision: 0.05555293954411601
  recall: 0.4340333333333334
  subset_accuracy: 0.0
