metadata:
  dataset_name: validation
  experiment_id: 2025-12-01_15-21-32_reuters_fusion_100000ppm_20251201_152131
  git_commit: 618cafdee3609190d8da202aefc502efa6bac9cb
  model_name: fusion_ensemble
  timestamp: '2025-12-01T16:51:49.741388'
metrics:
  f1: 0.0
  hamming_loss: 0.11128284389489954
  micro_f1: 0.8887171561051005
  micro_precision: 0.8887171561051005
  micro_recall: 0.8887171561051005
  precision: 0.0
  recall: 0.0
  subset_accuracy: 0.0
