metadata:
  dataset_name: validation
  experiment_id: 2025-11-11_14-43-00_goemotions_90pct_2025-11-11_14-42-45
  git_commit: 04a9d080a5f09968d8d3c2db7968382971388af4
  model_name: fusion_ensemble
  timestamp: '2025-11-11T14:43:11.744480'
metrics:
  f1: 0.09303537800119843
  hamming_loss: 0.7012857142857143
  micro_f1: 0.2987142857142857
  micro_precision: 0.2987142857142857
  micro_recall: 0.2987142857142857
  precision: 0.04974343408449883
  recall: 0.8373333333333334
  subset_accuracy: 0.0
