metadata:
  dataset_name: test
  experiment_id: 2025-11-07_17-51-17_goemotions_20pct_2025-11-07_17-51-01_openai
  git_commit: f66ca1bc2c926314e870583d173220843bb90bfd
  model_name: openai_classifier
  timestamp: '2025-11-07T17:51:25.094730'
metrics:
  f1: 0.2616
  hamming_loss: 0.056857142857142856
  micro_f1: 0.9431428571428572
  micro_precision: 0.9431428571428572
  micro_recall: 0.9431428571428572
  precision: 0.294
  recall: 0.247
  subset_accuracy: 0.206
