metadata:
  dataset_name: test
  experiment_id: 2025-10-16_14-25-16_roberta_roberta-base
  git_commit: e5f8bb8cee1ed3dcdd92621adc1f517948d73daf
  model_name: roberta_classifier
  timestamp: '2025-10-16T14:28:37.777098'
metrics:
  accuracy: 0.918
  classification_report:
    accuracy: 0.918
    label_1:
      f1-score: 0.9230769230769231
      precision: 0.9344262295081968
      recall: 0.912
      support: 125.0
    label_2:
      f1-score: 0.976
      precision: 0.976
      recall: 0.976
      support: 125.0
    label_3:
      f1-score: 0.864
      precision: 0.864
      recall: 0.864
      support: 125.0
    label_4:
      f1-score: 0.9090909090909091
      precision: 0.8984375
      recall: 0.92
      support: 125.0
    macro avg:
      f1-score: 0.9180419580419581
      precision: 0.9182159323770491
      recall: 0.9179999999999999
      support: 500.0
    weighted avg:
      f1-score: 0.918041958041958
      precision: 0.9182159323770491
      recall: 0.918
      support: 500.0
  f1_weighted: 0.918041958041958
  precision_weighted: 0.9182159323770491
  recall_weighted: 0.918
