metadata:
  dataset_name: validation
  experiment_id: 2025-10-16_14-25-16_roberta_roberta-base
  git_commit: e5f8bb8cee1ed3dcdd92621adc1f517948d73daf
  model_name: roberta_classifier
  timestamp: '2025-10-16T14:28:28.692803'
metrics:
  accuracy: 0.924
  classification_report:
    accuracy: 0.924
    label_1:
      f1-score: 0.9206349206349206
      precision: 0.9133858267716536
      recall: 0.928
      support: 125.0
    label_2:
      f1-score: 0.984
      precision: 0.984
      recall: 0.984
      support: 125.0
    label_3:
      f1-score: 0.8968253968253969
      precision: 0.889763779527559
      recall: 0.904
      support: 125.0
    label_4:
      f1-score: 0.8943089430894309
      precision: 0.9090909090909091
      recall: 0.88
      support: 125.0
    macro avg:
      f1-score: 0.9239423151374371
      precision: 0.9240601288475305
      recall: 0.9239999999999999
      support: 500.0
    weighted avg:
      f1-score: 0.923942315137437
      precision: 0.9240601288475304
      recall: 0.924
      support: 500.0
  f1_weighted: 0.923942315137437
  precision_weighted: 0.9240601288475304
  recall_weighted: 0.924
