metadata:
  dataset_name: validation
  experiment_id: 2025-11-22_20-40-04_reuters_fusion_100000ppm_20251122_204001
  git_commit: a072cfb0be693121a8d2bb5f419ab2ad37aa3bc5
  model_name: fusion_ensemble
  timestamp: '2025-11-22T20:40:10.065225'
metrics:
  f1: 0.0
  hamming_loss: 0.11128284389489954
  micro_f1: 0.8887171561051005
  micro_precision: 0.8887171561051005
  micro_recall: 0.8887171561051005
  precision: 0.0
  recall: 0.0
  subset_accuracy: 0.0
