metadata:
  dataset_name: test
  experiment_id: 2025-12-09_16-37-06_reuters_train5_20251209_163640
  git_commit: 9d0adf44b7826ffd0cd358a1c6df6b31a35bcae4
  model_name: fusion_ensemble
  timestamp: '2025-12-09T16:37:30.708570'
metrics:
  f1: 0.7165684348395547
  hamming_loss: 0.04090373280943026
  micro_f1: 0.9590962671905697
  micro_precision: 0.9590962671905697
  micro_recall: 0.9590962671905697
  precision: 0.7204322200392927
  recall: 0.7153241650294695
  subset_accuracy: 0.706090373280943
