metadata:
  dataset_name: validation
  experiment_id: 2025-11-24_16-53-53_reuters_fusion_100000ppm_20251124_165348
  git_commit: e5f858798f447b100973adce6b0310abdae51260
  model_name: fusion_ensemble
  timestamp: '2025-11-24T16:55:21.389040'
metrics:
  f1: 0.0
  hamming_loss: 0.11128284389489954
  micro_f1: 0.8887171561051005
  micro_precision: 0.8887171561051005
  micro_recall: 0.8887171561051005
  precision: 0.0
  recall: 0.0
  subset_accuracy: 0.0
