metadata:
  dataset_name: test
  experiment_id: 2025-12-02_16-54-05_reuters_fusion_100000ppm_20251202_165405_openai
  git_commit: 6a38adf63134d3bee35b8b260f7c224c99864a55
  model_name: openai_classifier
  timestamp: '2025-12-02T16:54:28.963190'
metrics:
  f1: 0.006941715782580223
  hamming_loss: 0.1088015717092338
  micro_f1: 0.8911984282907662
  micro_precision: 0.8911984282907662
  micro_recall: 0.8911984282907662
  precision: 0.007072691552062868
  recall: 0.0068762278978389
  subset_accuracy: 0.0066797642436149315
