metadata:
  dataset_name: validation
  experiment_id: 2025-10-20_20-55-36_ag_news_6pct_2025-10-20_20-55-36_roberta
  git_commit: 24f5d3e9febffa43560e191bcce5d720ba82fb21
  model_name: roberta_classifier
  timestamp: '2025-10-20T20:56:00.976567'
metrics:
  accuracy: 0.844
  classification_report:
    accuracy: 0.844
    label_1:
      f1-score: 0.8537549407114624
      precision: 0.84375
      recall: 0.864
      support: 125.0
    label_2:
      f1-score: 0.9448818897637795
      precision: 0.9302325581395349
      recall: 0.96
      support: 125.0
    label_3:
      f1-score: 0.8062015503875969
      precision: 0.7819548872180451
      recall: 0.832
      support: 125.0
    label_4:
      f1-score: 0.7659574468085106
      precision: 0.8181818181818182
      recall: 0.72
      support: 125.0
    macro avg:
      f1-score: 0.8426989569178374
      precision: 0.8435298158848495
      recall: 0.8439999999999999
      support: 500.0
    weighted avg:
      f1-score: 0.8426989569178374
      precision: 0.8435298158848495
      recall: 0.844
      support: 500.0
  f1_weighted: 0.8426989569178374
  precision_weighted: 0.8435298158848495
  recall_weighted: 0.844
