metadata:
  dataset_name: prediction
  experiment_id: 2026-03-08_22-53-04_reuters_llm_zeroshot_20260308_225304_llm_zeroshot
  git_commit: ef38e6d61ac32ef6c4a6caf16cba4ec89ecdbd34
  model_name: openai_classifier
  timestamp: '2026-03-08T22:53:05.188975'
metrics:
  f1: 0.8384853168469868
  hamming_loss: 0.03647604327666151
  micro_f1: 0.9635239567233385
  micro_precision: 0.9635239567233385
  micro_recall: 0.9635239567233385
  precision: 0.8717156105100463
  recall: 0.822771767130345
  subset_accuracy: 0.7774343122102009
