metadata:
  dataset_name: test
  experiment_id: 2025-10-20_20-20-44_ag_news_20pct_2025-10-20_20-20-44_roberta
  git_commit: 24f5d3e9febffa43560e191bcce5d720ba82fb21
  model_name: roberta_classifier
  timestamp: '2025-10-20T20:22:26.515073'
metrics:
  accuracy: 0.898
  classification_report:
    accuracy: 0.898
    label_1:
      f1-score: 0.904
      precision: 0.904
      recall: 0.904
      support: 125.0
    label_2:
      f1-score: 0.963855421686747
      precision: 0.967741935483871
      recall: 0.96
      support: 125.0
    label_3:
      f1-score: 0.8365019011406845
      precision: 0.7971014492753623
      recall: 0.88
      support: 125.0
    label_4:
      f1-score: 0.8907563025210085
      precision: 0.9380530973451328
      recall: 0.848
      support: 125.0
    macro avg:
      f1-score: 0.8987784063371099
      precision: 0.9017241205260915
      recall: 0.8979999999999999
      support: 500.0
    weighted avg:
      f1-score: 0.8987784063371099
      precision: 0.9017241205260915
      recall: 0.898
      support: 500.0
  f1_weighted: 0.8987784063371099
  precision_weighted: 0.9017241205260915
  recall_weighted: 0.898
