metadata:
  dataset_name: validation
  experiment_id: 2025-11-07_19-06-47_goemotions_10pct_2025-11-07_19-06-32
  git_commit: 04a9d080a5f09968d8d3c2db7968382971388af4
  model_name: fusion_ensemble
  timestamp: '2025-11-07T19:06:58.910949'
metrics:
  f1: 0.09385001127424056
  hamming_loss: 0.7442142857142857
  micro_f1: 0.2557857142857143
  micro_precision: 0.2557857142857143
  micro_recall: 0.2557857142857143
  precision: 0.05003375173302889
  recall: 0.887
  subset_accuracy: 0.0
