metadata:
  dataset_name: test
  experiment_id: 2025-11-07_19-06-47_goemotions_10pct_2025-11-07_19-06-32
  git_commit: 04a9d080a5f09968d8d3c2db7968382971388af4
  model_name: fusion_ensemble
  timestamp: '2025-11-07T19:07:04.663906'
metrics:
  f1: 0.09319200352626646
  hamming_loss: 0.7403571428571428
  micro_f1: 0.2596428571428571
  micro_precision: 0.2596428571428571
  micro_recall: 0.2596428571428571
  precision: 0.049585932942659956
  recall: 0.8995
  subset_accuracy: 0.0
