metadata:
  dataset_name: validation
  experiment_id: 2025-10-20_16-33-27_roberta_roberta-base
  git_commit: 24f5d3e9febffa43560e191bcce5d720ba82fb21
  model_name: roberta_classifier
  timestamp: '2025-10-20T16:36:38.267161'
metrics:
  accuracy: 0.928
  classification_report:
    accuracy: 0.928
    label_1:
      f1-score: 0.9516129032258065
      precision: 0.959349593495935
      recall: 0.944
      support: 125.0
    label_2:
      f1-score: 0.984
      precision: 0.984
      recall: 0.984
      support: 125.0
    label_3:
      f1-score: 0.890625
      precision: 0.8702290076335878
      recall: 0.912
      support: 125.0
    label_4:
      f1-score: 0.8861788617886179
      precision: 0.9008264462809917
      recall: 0.872
      support: 125.0
    macro avg:
      f1-score: 0.9281041912536061
      precision: 0.9286012618526286
      recall: 0.9279999999999999
      support: 500.0
    weighted avg:
      f1-score: 0.9281041912536061
      precision: 0.9286012618526287
      recall: 0.928
      support: 500.0
  f1_weighted: 0.9281041912536061
  precision_weighted: 0.9286012618526287
  recall_weighted: 0.928
