metadata:
  dataset_name: test
  experiment_id: 2025-10-20_16-33-27_roberta_roberta-base
  git_commit: 24f5d3e9febffa43560e191bcce5d720ba82fb21
  model_name: roberta_classifier
  timestamp: '2025-10-20T16:37:19.052216'
metrics:
  accuracy: 0.91
  classification_report:
    accuracy: 0.91
    label_1:
      f1-score: 0.9256198347107438
      precision: 0.9572649572649573
      recall: 0.896
      support: 125.0
    label_2:
      f1-score: 0.967741935483871
      precision: 0.975609756097561
      recall: 0.96
      support: 125.0
    label_3:
      f1-score: 0.8560311284046692
      precision: 0.8333333333333334
      recall: 0.88
      support: 125.0
    label_4:
      f1-score: 0.8932806324110671
      precision: 0.8828125
      recall: 0.904
      support: 125.0
    macro avg:
      f1-score: 0.9106683827525879
      precision: 0.912255136673963
      recall: 0.9099999999999999
      support: 500.0
    weighted avg:
      f1-score: 0.9106683827525878
      precision: 0.912255136673963
      recall: 0.91
      support: 500.0
  f1_weighted: 0.9106683827525878
  precision_weighted: 0.912255136673963
  recall_weighted: 0.91
