metadata:
  dataset_name: test
  experiment_id: 2025-11-21_23-02-55_reuters_fusion_100000ppm_20251121_230254_openai
  git_commit: 9f8ef1d39192470a97d4a2fdc270b263cb963ea4
  model_name: openai_classifier
  timestamp: '2025-11-21T23:28:36.769058'
metrics:
  f1: 0.8699124162802679
  hamming_loss: 0.030293663060278208
  micro_f1: 0.9697063369397217
  micro_precision: 0.9697063369397217
  micro_recall: 0.9697063369397217
  precision: 0.9003091190108191
  recall: 0.8560020607934056
  subset_accuracy: 0.8129829984544049
