metadata:
  dataset_name: validation
  experiment_id: 2025-11-20_21-09-34_reuters_10pct_2025-11-20_21-09-33
  git_commit: 9ac239ba2b22d557e441f478f1794b52b69d6991
  model_name: fusion_ensemble
  timestamp: '2025-11-20T21:09:36.778905'
metrics:
  f1: 0.125
  hamming_loss: 0.7
  micro_f1: 0.3
  micro_precision: 0.3
  micro_recall: 0.3
  precision: 0.07142857142857142
  recall: 0.5
  subset_accuracy: 0.0
