metadata:
  dataset_name: validation
  experiment_id: 2025-11-11_14-30-15_goemotions_100pct_2025-11-11_14-30-14
  git_commit: 04a9d080a5f09968d8d3c2db7968382971388af4
  model_name: fusion_ensemble
  timestamp: '2025-11-11T14:30:45.485523'
metrics:
  f1: 0.08986724008904996
  hamming_loss: 0.7607142857142857
  micro_f1: 0.2392857142857143
  micro_precision: 0.2392857142857143
  micro_recall: 0.2392857142857143
  precision: 0.047828082541763385
  recall: 0.8703333333333334
  subset_accuracy: 0.0
