metadata:
  dataset_name: test
  experiment_id: 2025-11-11_14-30-15_goemotions_100pct_2025-11-11_14-30-14
  git_commit: 04a9d080a5f09968d8d3c2db7968382971388af4
  model_name: fusion_ensemble
  timestamp: '2025-11-11T14:30:59.053741'
metrics:
  f1: 0.09308234489789283
  hamming_loss: 0.7578571428571429
  micro_f1: 0.24214285714285713
  micro_precision: 0.24214285714285713
  micro_recall: 0.24214285714285713
  precision: 0.049495397066900634
  recall: 0.9138333333333334
  subset_accuracy: 0.0
