metadata:
  dataset_name: validation
  experiment_id: 2025-11-11_16-05-15_goemotions_90pct_2025-11-11_16-05-01
  git_commit: 04a9d080a5f09968d8d3c2db7968382971388af4
  model_name: fusion_ensemble
  timestamp: '2025-11-11T16:05:27.366821'
metrics:
  f1: 0.09109462096761065
  hamming_loss: 0.7639285714285714
  micro_f1: 0.23607142857142857
  micro_precision: 0.23607142857142857
  micro_recall: 0.23607142857142857
  precision: 0.048486414409090406
  recall: 0.8816666666666666
  subset_accuracy: 0.0
