metadata:
  dataset_name: test
  experiment_id: 2025-11-11_16-05-15_goemotions_90pct_2025-11-11_16-05-01
  git_commit: 04a9d080a5f09968d8d3c2db7968382971388af4
  model_name: fusion_ensemble
  timestamp: '2025-11-11T16:05:33.354225'
metrics:
  f1: 0.09050298253415366
  hamming_loss: 0.7672857142857142
  micro_f1: 0.2327142857142857
  micro_precision: 0.2327142857142857
  micro_recall: 0.2327142857142857
  precision: 0.04811251155733186
  recall: 0.8993333333333333
  subset_accuracy: 0.0
