metadata:
  dataset_name: test
  experiment_id: 2025-11-07_11-33-29_goemotions_100pct_2025-11-07_11-33-29
  git_commit: 374caf6c55d7698b04fa708ec58a721413b803e3
  model_name: fusion_ensemble
  timestamp: '2025-11-07T13:47:20.306428'
metrics:
  f1: 0.268
  hamming_loss: 0.05871428571428571
  micro_f1: 0.9412857142857143
  micro_precision: 0.9412857142857143
  micro_recall: 0.9412857142857143
  precision: 0.268
  recall: 0.268
  subset_accuracy: 0.268
