metadata:
  dataset_name: test
  experiment_id: 2025-11-11_16-01-01_goemotions_10pct_2025-11-11_16-00-46
  git_commit: 04a9d080a5f09968d8d3c2db7968382971388af4
  model_name: fusion_ensemble
  timestamp: '2025-11-11T16:01:20.431548'
metrics:
  f1: 0.10148343878343878
  hamming_loss: 0.2397857142857143
  micro_f1: 0.7602142857142857
  micro_precision: 0.7602142857142857
  micro_recall: 0.7602142857142857
  precision: 0.06333203463203463
  recall: 0.3121333333333333
  subset_accuracy: 0.0
