metadata:
  dataset_name: test
  experiment_id: 2025-11-11_16-24-21_goemotions_100pct_2025-11-11_16-24-21
  git_commit: f8bc36cd78b47b94557e48b353b85ac1fd17bf73
  model_name: fusion_ensemble
  timestamp: '2025-11-11T16:24:38.063087'
metrics:
  f1: 0.0950596505086275
  hamming_loss: 0.4765714285714286
  micro_f1: 0.5234285714285715
  micro_precision: 0.5234285714285715
  micro_recall: 0.5234285714285715
  precision: 0.05238971071927728
  recall: 0.6002666666666666
  subset_accuracy: 0.0
