metadata:
  dataset_name: validation
  experiment_id: 2025-11-11_16-24-21_goemotions_100pct_2025-11-11_16-24-21
  git_commit: f8bc36cd78b47b94557e48b353b85ac1fd17bf73
  model_name: fusion_ensemble
  timestamp: '2025-11-11T16:24:31.992069'
metrics:
  f1: 0.09544986329460013
  hamming_loss: 0.4717142857142857
  micro_f1: 0.5282857142857142
  micro_precision: 0.5282857142857142
  micro_recall: 0.5282857142857142
  precision: 0.052790973886794317
  recall: 0.5863333333333334
  subset_accuracy: 0.0
