metadata:
  dataset_name: validation
  experiment_id: 2025-10-20_21-00-55_ag_news_10pct_2025-10-20_21-00-55_roberta
  git_commit: 24f5d3e9febffa43560e191bcce5d720ba82fb21
  model_name: roberta_classifier
  timestamp: '2025-10-20T21:01:27.693394'
metrics:
  accuracy: 0.888
  classification_report:
    accuracy: 0.888
    label_1:
      f1-score: 0.9169960474308301
      precision: 0.90625
      recall: 0.928
      support: 125.0
    label_2:
      f1-score: 0.9761904761904762
      precision: 0.968503937007874
      recall: 0.984
      support: 125.0
    label_3:
      f1-score: 0.8396946564885496
      precision: 0.8029197080291971
      recall: 0.88
      support: 125.0
    label_4:
      f1-score: 0.8154506437768241
      precision: 0.8796296296296297
      recall: 0.76
      support: 125.0
    macro avg:
      f1-score: 0.88708295597167
      precision: 0.8893258186666753
      recall: 0.8879999999999999
      support: 500.0
    weighted avg:
      f1-score: 0.8870829559716699
      precision: 0.8893258186666751
      recall: 0.888
      support: 500.0
  f1_weighted: 0.8870829559716699
  precision_weighted: 0.8893258186666751
  recall_weighted: 0.888
