metadata:
  dataset_name: test
  experiment_id: 2025-10-20_21-00-55_ag_news_10pct_2025-10-20_21-00-55_roberta
  git_commit: 24f5d3e9febffa43560e191bcce5d720ba82fb21
  model_name: roberta_classifier
  timestamp: '2025-10-20T21:02:00.487874'
metrics:
  accuracy: 0.884
  classification_report:
    accuracy: 0.884
    label_1:
      f1-score: 0.9019607843137255
      precision: 0.8846153846153846
      recall: 0.92
      support: 125.0
    label_2:
      f1-score: 0.9561752988047809
      precision: 0.9523809523809523
      recall: 0.96
      support: 125.0
    label_3:
      f1-score: 0.833976833976834
      precision: 0.8059701492537313
      recall: 0.864
      support: 125.0
    label_4:
      f1-score: 0.8425531914893617
      precision: 0.9
      recall: 0.792
      support: 125.0
    macro avg:
      f1-score: 0.8836665271461756
      precision: 0.885741621562517
      recall: 0.8839999999999999
      support: 500.0
    weighted avg:
      f1-score: 0.8836665271461756
      precision: 0.885741621562517
      recall: 0.884
      support: 500.0
  f1_weighted: 0.8836665271461756
  precision_weighted: 0.885741621562517
  recall_weighted: 0.884
