metadata:
  dataset_name: test
  experiment_id: 2025-11-11_14-27-03_goemotions_70pct_2025-11-11_14-26-34
  git_commit: 04a9d080a5f09968d8d3c2db7968382971388af4
  model_name: fusion_ensemble
  timestamp: '2025-11-11T14:27:47.157399'
metrics:
  f1: 0.04666666666666666
  hamming_loss: 0.07807142857142857
  micro_f1: 0.9219285714285714
  micro_precision: 0.9219285714285714
  micro_recall: 0.9219285714285714
  precision: 0.049
  recall: 0.046
  subset_accuracy: 0.04
