metadata:
  dataset_name: validation
  experiment_id: 2025-11-11_14-27-03_goemotions_70pct_2025-11-11_14-26-34
  git_commit: 04a9d080a5f09968d8d3c2db7968382971388af4
  model_name: fusion_ensemble
  timestamp: '2025-11-11T14:27:33.098905'
metrics:
  f1: 0.03133333333333333
  hamming_loss: 0.08
  micro_f1: 0.92
  micro_precision: 0.92
  micro_recall: 0.92
  precision: 0.033
  recall: 0.031
  subset_accuracy: 0.026
