metadata:
  dataset_name: test
  experiment_id: 2025-11-11_16-04-44_goemotions_80pct_2025-11-11_16-04-30
  git_commit: 04a9d080a5f09968d8d3c2db7968382971388af4
  model_name: fusion_ensemble
  timestamp: '2025-11-11T16:05:01.705895'
metrics:
  f1: 0.09387049948904609
  hamming_loss: 0.6671428571428571
  micro_f1: 0.33285714285714285
  micro_precision: 0.33285714285714285
  micro_recall: 0.33285714285714285
  precision: 0.050358926390137185
  recall: 0.8143333333333334
  subset_accuracy: 0.0
