metadata:
  dataset_name: validation
  experiment_id: 2025-11-11_16-04-44_goemotions_80pct_2025-11-11_16-04-30
  git_commit: 04a9d080a5f09968d8d3c2db7968382971388af4
  model_name: fusion_ensemble
  timestamp: '2025-11-11T16:04:55.745773'
metrics:
  f1: 0.09409983033608055
  hamming_loss: 0.6672857142857143
  micro_f1: 0.33271428571428574
  micro_precision: 0.33271428571428574
  micro_recall: 0.33271428571428574
  precision: 0.05057357052936943
  recall: 0.8033333333333333
  subset_accuracy: 0.0
