metadata:
  dataset_name: test
  experiment_id: 2025-11-11_14-51-32_goemotions_10pct_2025-11-11_14-51-17
  git_commit: 04a9d080a5f09968d8d3c2db7968382971388af4
  model_name: fusion_ensemble
  timestamp: '2025-11-11T14:51:51.341345'
metrics:
  f1: 0.09119056981466457
  hamming_loss: 0.6817857142857143
  micro_f1: 0.3182142857142857
  micro_precision: 0.3182142857142857
  micro_recall: 0.3182142857142857
  precision: 0.04892428296296515
  recall: 0.8043333333333333
  subset_accuracy: 0.0
