metadata:
  dataset_name: validation
  experiment_id: 2025-11-11_14-51-32_goemotions_10pct_2025-11-11_14-51-17
  git_commit: 04a9d080a5f09968d8d3c2db7968382971388af4
  model_name: fusion_ensemble
  timestamp: '2025-11-11T14:51:45.091529'
metrics:
  f1: 0.0959061499738751
  hamming_loss: 0.6782142857142858
  micro_f1: 0.3217857142857143
  micro_precision: 0.3217857142857143
  micro_recall: 0.3217857142857143
  precision: 0.05139958505509387
  recall: 0.8328333333333334
  subset_accuracy: 0.0
