metadata:
  dataset_name: test
  experiment_id: 2025-11-23_02-04-12_reuters_fusion_100000ppm_20251123_020409_openai
  git_commit: a3151dc909f4addf8b94dfb0ec91bd2a771baa08
  model_name: openai_classifier
  timestamp: '2025-11-23T02:05:53.335338'
metrics:
  f1: 0.5183366077275704
  hamming_loss: 0.05858546168958743
  micro_f1: 0.9414145383104126
  micro_precision: 0.9414145383104126
  micro_recall: 0.9414145383104126
  precision: 0.5332023575638507
  recall: 0.5112639161755076
  subset_accuracy: 0.4907662082514735
