metadata:
  dataset_name: validation
  experiment_id: 2025-11-26_19-51-55_reuters_fusion_100000ppm_20251126_195153
  git_commit: 7659ef97b106a6e3f741360195aa7aa94701baab
  model_name: fusion_ensemble
  timestamp: '2025-11-26T19:52:02.064346'
metrics:
  f1: 0.0
  hamming_loss: 0.11128284389489954
  micro_f1: 0.8887171561051005
  micro_precision: 0.8887171561051005
  micro_recall: 0.8887171561051005
  precision: 0.0
  recall: 0.0
  subset_accuracy: 0.0
