metadata:
  dataset_name: validation
  experiment_id: 2025-10-20_20-27-41_ag_news_80pct_2025-10-20_20-27-41_roberta
  git_commit: 24f5d3e9febffa43560e191bcce5d720ba82fb21
  model_name: roberta_classifier
  timestamp: '2025-10-20T20:30:16.663145'
metrics:
  accuracy: 0.918
  classification_report:
    accuracy: 0.918
    label_1:
      f1-score: 0.9176470588235294
      precision: 0.9
      recall: 0.936
      support: 125.0
    label_2:
      f1-score: 0.9799196787148594
      precision: 0.9838709677419355
      recall: 0.976
      support: 125.0
    label_3:
      f1-score: 0.8924302788844621
      precision: 0.8888888888888888
      recall: 0.896
      support: 125.0
    label_4:
      f1-score: 0.8816326530612245
      precision: 0.9
      recall: 0.864
      support: 125.0
    macro avg:
      f1-score: 0.9179074173710189
      precision: 0.918189964157706
      recall: 0.9179999999999999
      support: 500.0
    weighted avg:
      f1-score: 0.9179074173710188
      precision: 0.918189964157706
      recall: 0.918
      support: 500.0
  f1_weighted: 0.9179074173710188
  precision_weighted: 0.918189964157706
  recall_weighted: 0.918
