metadata:
  dataset_name: validation
  experiment_id: 2025-10-16_14-31-11_roberta_roberta-base
  git_commit: e5f8bb8cee1ed3dcdd92621adc1f517948d73daf
  model_name: roberta_classifier
  timestamp: '2025-10-16T14:34:23.219271'
metrics:
  accuracy: 0.924
  classification_report:
    accuracy: 0.924
    label_1:
      f1-score: 0.936
      precision: 0.936
      recall: 0.936
      support: 125.0
    label_2:
      f1-score: 0.984251968503937
      precision: 0.9689922480620154
      recall: 1.0
      support: 125.0
    label_3:
      f1-score: 0.8888888888888888
      precision: 0.8818897637795275
      recall: 0.896
      support: 125.0
    label_4:
      f1-score: 0.8852459016393442
      precision: 0.907563025210084
      recall: 0.864
      support: 125.0
    macro avg:
      f1-score: 0.9235966897580425
      precision: 0.9236112592629068
      recall: 0.9239999999999999
      support: 500.0
    weighted avg:
      f1-score: 0.9235966897580424
      precision: 0.9236112592629069
      recall: 0.924
      support: 500.0
  f1_weighted: 0.9235966897580424
  precision_weighted: 0.9236112592629069
  recall_weighted: 0.924
