metadata:
  dataset_name: validation
  experiment_id: 2025-10-30_20-23-09_fusion_ensemble
  git_commit: d897a29f3ebc920a4543d5f0b8c3d601db9802cb
  model_name: fusion_ensemble
  timestamp: '2025-10-31T00:41:44.840580'
metrics:
  f1: 0.018
  hamming_loss: 0.04278571428571429
  micro_f1: 0.9572142857142857
  micro_precision: 0.9572142857142857
  micro_recall: 0.9572142857142857
  precision: 0.018
  recall: 0.018
  subset_accuracy: 0.018
