metadata:
  dataset_name: test
  experiment_id: 2025-10-30_20-23-09_fusion_ensemble
  git_commit: d897a29f3ebc920a4543d5f0b8c3d601db9802cb
  model_name: fusion_ensemble
  timestamp: '2025-10-31T02:15:24.683331'
metrics:
  f1: 0.012
  hamming_loss: 0.04214285714285714
  micro_f1: 0.9578571428571429
  micro_precision: 0.9578571428571429
  micro_recall: 0.9578571428571429
  precision: 0.012
  recall: 0.012
  subset_accuracy: 0.012
