metadata:
  dataset_name: test
  experiment_id: 2025-10-20_20-58-20_ag_news_8pct_2025-10-20_20-58-20_roberta
  git_commit: 24f5d3e9febffa43560e191bcce5d720ba82fb21
  model_name: roberta_classifier
  timestamp: '2025-10-20T20:59:40.691319'
metrics:
  accuracy: 0.89
  classification_report:
    accuracy: 0.89
    label_1:
      f1-score: 0.8879668049792531
      precision: 0.9224137931034483
      recall: 0.856
      support: 125.0
    label_2:
      f1-score: 0.9435483870967742
      precision: 0.9512195121951219
      recall: 0.936
      support: 125.0
    label_3:
      f1-score: 0.8571428571428571
      precision: 0.8283582089552238
      recall: 0.888
      support: 125.0
    label_4:
      f1-score: 0.873015873015873
      precision: 0.8661417322834646
      recall: 0.88
      support: 125.0
    macro avg:
      f1-score: 0.8904184805586893
      precision: 0.8920333116343147
      recall: 0.89
      support: 500.0
    weighted avg:
      f1-score: 0.8904184805586892
      precision: 0.8920333116343147
      recall: 0.89
      support: 500.0
  f1_weighted: 0.8904184805586892
  precision_weighted: 0.8920333116343147
  recall_weighted: 0.89
