metadata:
  dataset_name: test
  experiment_id: 2025-12-09_16-38-15_reuters_train6_20251209_163747
  git_commit: 9d0adf44b7826ffd0cd358a1c6df6b31a35bcae4
  model_name: fusion_ensemble
  timestamp: '2025-12-09T16:38:38.955451'
metrics:
  f1: 0.6913555992141454
  hamming_loss: 0.04416502946954813
  micro_f1: 0.9558349705304519
  micro_precision: 0.9558349705304519
  micro_recall: 0.9558349705304519
  precision: 0.6921414538310413
  recall: 0.6920759659462999
  subset_accuracy: 0.6856581532416502
