metadata:
  dataset_name: validation
  experiment_id: 2025-11-11_16-21-30_goemotions_40pct_2025-11-11_16-21-15
  git_commit: f8bc36cd78b47b94557e48b353b85ac1fd17bf73
  model_name: fusion_ensemble
  timestamp: '2025-11-11T16:21:40.974774'
metrics:
  f1: 0.027171428571428572
  hamming_loss: 0.09957142857142857
  micro_f1: 0.9004285714285715
  micro_precision: 0.9004285714285715
  micro_recall: 0.9004285714285715
  precision: 0.029166666666666667
  recall: 0.029166666666666667
  subset_accuracy: 0.01
