metadata:
  dataset_name: test
  experiment_id: 2025-11-11_16-21-30_goemotions_40pct_2025-11-11_16-21-15
  git_commit: f8bc36cd78b47b94557e48b353b85ac1fd17bf73
  model_name: fusion_ensemble
  timestamp: '2025-11-11T16:21:46.894895'
metrics:
  f1: 0.041615873015873016
  hamming_loss: 0.09457142857142857
  micro_f1: 0.9054285714285715
  micro_precision: 0.9054285714285715
  micro_recall: 0.9054285714285715
  precision: 0.04463333333333333
  recall: 0.04256666666666667
  subset_accuracy: 0.028
