metadata:
  dataset_name: validation
  experiment_id: 2025-11-11_14-22-37_goemotions_30pct_2025-11-11_14-22-22
  git_commit: 04a9d080a5f09968d8d3c2db7968382971388af4
  model_name: fusion_ensemble
  timestamp: '2025-11-11T14:22:51.055122'
metrics:
  f1: 0.09694782628283907
  hamming_loss: 0.5814285714285714
  micro_f1: 0.4185714285714286
  micro_precision: 0.4185714285714286
  micro_recall: 0.4185714285714286
  precision: 0.05264637131029782
  recall: 0.7208333333333333
  subset_accuracy: 0.0
