metadata:
  dataset_name: test
  experiment_id: 2025-11-11_14-22-37_goemotions_30pct_2025-11-11_14-22-22
  git_commit: 04a9d080a5f09968d8d3c2db7968382971388af4
  model_name: fusion_ensemble
  timestamp: '2025-11-11T14:22:57.746025'
metrics:
  f1: 0.09432990305631711
  hamming_loss: 0.5856428571428571
  micro_f1: 0.41435714285714287
  micro_precision: 0.41435714285714287
  micro_recall: 0.41435714285714287
  precision: 0.05104273536517177
  recall: 0.7308333333333333
  subset_accuracy: 0.0
