metadata:
  dataset_name: validation
  experiment_id: 2025-11-25_16-55-30_reuters_fusion_100000ppm_20251125_165527
  git_commit: 0898d46b96ad829fd0f13518d881a2218a884960
  model_name: fusion_ensemble
  timestamp: '2025-11-25T16:55:35.995534'
metrics:
  f1: 0.0
  hamming_loss: 0.11128284389489954
  micro_f1: 0.8887171561051005
  micro_precision: 0.8887171561051005
  micro_recall: 0.8887171561051005
  precision: 0.0
  recall: 0.0
  subset_accuracy: 0.0
