metadata:
  dataset_name: test
  experiment_id: 2025-12-09_16-25-12_reuters_train20_20251209_162506
  git_commit: 9d0adf44b7826ffd0cd358a1c6df6b31a35bcae4
  model_name: fusion_ensemble
  timestamp: '2025-12-09T16:25:33.906914'
metrics:
  f1: 0.751931892599869
  hamming_loss: 0.036267190569744596
  micro_f1: 0.9637328094302554
  micro_precision: 0.9637328094302554
  micro_recall: 0.9637328094302554
  precision: 0.768958742632613
  recall: 0.7447937131630649
  subset_accuracy: 0.7202357563850688
