metadata:
  dataset_name: test
  experiment_id: 2025-11-11_16-19-56_goemotions_10pct_2025-11-11_16-19-41
  git_commit: f8bc36cd78b47b94557e48b353b85ac1fd17bf73
  model_name: fusion_ensemble
  timestamp: '2025-11-11T16:20:14.535577'
metrics:
  f1: 0.08581573082944735
  hamming_loss: 0.6852142857142857
  micro_f1: 0.3147857142857143
  micro_precision: 0.3147857142857143
  micro_recall: 0.3147857142857143
  precision: 0.045897314103314914
  recall: 0.7733333333333333
  subset_accuracy: 0.0
