metadata:
  dataset_name: validation
  experiment_id: 2025-11-11_16-19-56_goemotions_10pct_2025-11-11_16-19-41
  git_commit: f8bc36cd78b47b94557e48b353b85ac1fd17bf73
  model_name: fusion_ensemble
  timestamp: '2025-11-11T16:20:08.705019'
metrics:
  f1: 0.08777737200959304
  hamming_loss: 0.6799285714285714
  micro_f1: 0.32007142857142856
  micro_precision: 0.32007142857142856
  micro_recall: 0.32007142857142856
  precision: 0.046970937136105395
  recall: 0.7796666666666666
  subset_accuracy: 0.0
