metadata:
  dataset_name: validation
  experiment_id: 2025-11-11_14-53-11_goemotions_40pct_2025-11-11_14-52-55
  git_commit: 04a9d080a5f09968d8d3c2db7968382971388af4
  model_name: fusion_ensemble
  timestamp: '2025-11-11T14:53:22.144112'
metrics:
  f1: 0.09593693977689573
  hamming_loss: 0.6619285714285714
  micro_f1: 0.3380714285714286
  micro_precision: 0.3380714285714286
  micro_recall: 0.3380714285714286
  precision: 0.05154839931728881
  recall: 0.8166666666666667
  subset_accuracy: 0.0
