metadata:
  dataset_name: test
  experiment_id: 2025-11-11_14-53-11_goemotions_40pct_2025-11-11_14-52-55
  git_commit: 04a9d080a5f09968d8d3c2db7968382971388af4
  model_name: fusion_ensemble
  timestamp: '2025-11-11T14:53:28.238971'
metrics:
  f1: 0.09694993239193267
  hamming_loss: 0.668
  micro_f1: 0.332
  micro_precision: 0.332
  micro_recall: 0.332
  precision: 0.05196871591269491
  recall: 0.8461666666666666
  subset_accuracy: 0.0
