metadata:
  dataset_name: val
  experiment_id: 2025-11-28_10-32-28_reuters_fusion_100000ppm_20251128_103226_openai
  git_commit: 3a0fec0881939d5f4b334ddd4bdb7fa96d53e0e2
  model_name: openai_classifier
  timestamp: '2025-11-28T10:32:33.558461'
metrics:
  f1: 0.8699124162802679
  hamming_loss: 0.030293663060278208
  micro_f1: 0.9697063369397217
  micro_precision: 0.9697063369397217
  micro_recall: 0.9697063369397217
  precision: 0.9003091190108191
  recall: 0.8560020607934056
  subset_accuracy: 0.8129829984544049
