metadata:
  dataset_name: validation
  experiment_id: 2025-11-07_09-33-30_goemotions_90pct_2025-11-07_09-33-16_openai
  git_commit: 374caf6c55d7698b04fa708ec58a721413b803e3
  model_name: openai_classifier
  timestamp: '2025-11-07T11:33:24.460254'
metrics:
  f1: 0.2750666666666667
  hamming_loss: 0.056357142857142856
  micro_f1: 0.9436428571428571
  micro_precision: 0.9436428571428571
  micro_recall: 0.9436428571428571
  precision: 0.31
  recall: 0.2588333333333333
  subset_accuracy: 0.212
