metadata:
  dataset_name: test
  experiment_id: 2025-11-11_14-53-43_goemotions_50pct_2025-11-11_14-53-28
  git_commit: 04a9d080a5f09968d8d3c2db7968382971388af4
  model_name: fusion_ensemble
  timestamp: '2025-11-11T14:54:00.362543'
metrics:
  f1: 0.08788858273632635
  hamming_loss: 0.8371428571428572
  micro_f1: 0.16285714285714287
  micro_precision: 0.16285714285714287
  micro_recall: 0.16285714285714287
  precision: 0.04646892071992758
  recall: 0.9475
  subset_accuracy: 0.0
