metadata:
  dataset_name: validation
  experiment_id: 2025-12-02_14-33-34_reuters_fusion_100000ppm_20251202_143334
  git_commit: bb47ce1039bb36f72a2110dff691998fd9b62cf2
  model_name: fusion_ensemble
  timestamp: '2025-12-02T14:33:52.620890'
metrics:
  f1: 0.0
  hamming_loss: 0.11128284389489954
  micro_f1: 0.8887171561051005
  micro_precision: 0.8887171561051005
  micro_recall: 0.8887171561051005
  precision: 0.0
  recall: 0.0
  subset_accuracy: 0.0
