metadata:
  dataset_name: test
  experiment_id: 2025-12-02_15-32-26_reuters_fusion_100000ppm_20251202_153226_openai
  git_commit: bb47ce1039bb36f72a2110dff691998fd9b62cf2
  model_name: openai_classifier
  timestamp: '2025-12-02T15:32:49.754976'
metrics:
  f1: 0.006941715782580223
  hamming_loss: 0.1088015717092338
  micro_f1: 0.8911984282907662
  micro_precision: 0.8911984282907662
  micro_recall: 0.8911984282907662
  precision: 0.007072691552062868
  recall: 0.0068762278978389
  subset_accuracy: 0.0066797642436149315
