metadata:
  dataset_name: test
  experiment_id: 2025-10-20_20-22-30_ag_news_40pct_2025-10-20_20-22-30_roberta
  git_commit: 24f5d3e9febffa43560e191bcce5d720ba82fb21
  model_name: roberta_classifier
  timestamp: '2025-10-20T20:24:46.418431'
metrics:
  accuracy: 0.91
  classification_report:
    accuracy: 0.91
    label_1:
      f1-score: 0.9173553719008265
      precision: 0.9487179487179487
      recall: 0.888
      support: 125.0
    label_2:
      f1-score: 0.9758064516129032
      precision: 0.983739837398374
      recall: 0.968
      support: 125.0
    label_3:
      f1-score: 0.8712121212121212
      precision: 0.8273381294964028
      recall: 0.92
      support: 125.0
    label_4:
      f1-score: 0.8780487804878049
      precision: 0.8925619834710744
      recall: 0.864
      support: 125.0
    macro avg:
      f1-score: 0.9106056813034139
      precision: 0.91308947477095
      recall: 0.9099999999999999
      support: 500.0
    weighted avg:
      f1-score: 0.910605681303414
      precision: 0.9130894747709499
      recall: 0.91
      support: 500.0
  f1_weighted: 0.910605681303414
  precision_weighted: 0.9130894747709499
  recall_weighted: 0.91
