metadata:
  dataset_name: validation
  experiment_id: 2025-11-11_14-43-17_goemotions_100pct_2025-11-11_14-43-17
  git_commit: 04a9d080a5f09968d8d3c2db7968382971388af4
  model_name: fusion_ensemble
  timestamp: '2025-11-11T14:43:30.710939'
metrics:
  f1: 0.0948901647887716
  hamming_loss: 0.48707142857142854
  micro_f1: 0.5129285714285714
  micro_precision: 0.5129285714285714
  micro_recall: 0.5129285714285714
  precision: 0.05218735393433536
  recall: 0.6035
  subset_accuracy: 0.0
