metadata:
  dataset_name: test
  experiment_id: 2025-11-11_14-43-17_goemotions_100pct_2025-11-11_14-43-17
  git_commit: 04a9d080a5f09968d8d3c2db7968382971388af4
  model_name: fusion_ensemble
  timestamp: '2025-11-11T14:43:36.724695'
metrics:
  f1: 0.09635043670901122
  hamming_loss: 0.4860714285714286
  micro_f1: 0.5139285714285714
  micro_precision: 0.5139285714285714
  micro_recall: 0.5139285714285714
  precision: 0.05312601044466369
  recall: 0.6086
  subset_accuracy: 0.0
