metadata:
  dataset_name: validation
  experiment_id: 2025-11-11_14-23-28_goemotions_40pct_2025-11-11_14-22-57
  git_commit: 04a9d080a5f09968d8d3c2db7968382971388af4
  model_name: fusion_ensemble
  timestamp: '2025-11-11T14:23:55.535432'
metrics:
  f1: 0.05305238095238095
  hamming_loss: 0.15221428571428572
  micro_f1: 0.8477857142857143
  micro_precision: 0.8477857142857143
  micro_recall: 0.8477857142857143
  precision: 0.039945238095238096
  recall: 0.10816666666666667
  subset_accuracy: 0.004
