metadata:
  dataset_name: test
  experiment_id: 2025-11-11_14-23-28_goemotions_40pct_2025-11-11_14-22-57
  git_commit: 04a9d080a5f09968d8d3c2db7968382971388af4
  model_name: fusion_ensemble
  timestamp: '2025-11-11T14:24:08.748744'
metrics:
  f1: 0.06465122655122656
  hamming_loss: 0.148
  micro_f1: 0.852
  micro_precision: 0.852
  micro_recall: 0.852
  precision: 0.04931428571428571
  recall: 0.12423333333333333
  subset_accuracy: 0.016
