metadata:
  dataset_name: validation
  experiment_id: 2025-10-16_14-52-45_roberta_roberta-base
  git_commit: e5f8bb8cee1ed3dcdd92621adc1f517948d73daf
  model_name: roberta_classifier
  timestamp: '2025-10-16T14:55:57.338055'
metrics:
  accuracy: 0.912
  classification_report:
    accuracy: 0.912
    label_1:
      f1-score: 0.9392712550607287
      precision: 0.9508196721311475
      recall: 0.928
      support: 125.0
    label_2:
      f1-score: 0.984
      precision: 0.984
      recall: 0.984
      support: 125.0
    label_3:
      f1-score: 0.8685258964143426
      precision: 0.8650793650793651
      recall: 0.872
      support: 125.0
    label_4:
      f1-score: 0.8571428571428571
      precision: 0.8503937007874016
      recall: 0.864
      support: 125.0
    macro avg:
      f1-score: 0.9122350021544822
      precision: 0.9125731844994787
      recall: 0.9119999999999999
      support: 500.0
    weighted avg:
      f1-score: 0.9122350021544822
      precision: 0.9125731844994786
      recall: 0.912
      support: 500.0
  f1_weighted: 0.9122350021544822
  precision_weighted: 0.9125731844994786
  recall_weighted: 0.912
