metadata:
  dataset_name: test
  experiment_id: 2025-10-16_14-52-45_roberta_roberta-base
  git_commit: e5f8bb8cee1ed3dcdd92621adc1f517948d73daf
  model_name: roberta_classifier
  timestamp: '2025-10-16T14:56:22.940011'
metrics:
  accuracy: 0.908
  classification_report:
    accuracy: 0.908
    label_1:
      f1-score: 0.9186991869918699
      precision: 0.9338842975206612
      recall: 0.904
      support: 125.0
    label_2:
      f1-score: 0.9718875502008032
      precision: 0.9758064516129032
      recall: 0.968
      support: 125.0
    label_3:
      f1-score: 0.8537549407114624
      precision: 0.84375
      recall: 0.864
      support: 125.0
    label_4:
      f1-score: 0.8888888888888888
      precision: 0.8818897637795275
      recall: 0.896
      support: 125.0
    macro avg:
      f1-score: 0.9083076416982561
      precision: 0.908832628228273
      recall: 0.9079999999999999
      support: 500.0
    weighted avg:
      f1-score: 0.9083076416982561
      precision: 0.9088326282282729
      recall: 0.908
      support: 500.0
  f1_weighted: 0.9083076416982561
  precision_weighted: 0.9088326282282729
  recall_weighted: 0.908
