metadata:
  dataset_name: validation
  experiment_id: 2025-12-09_16-25-54_reuters_train40_20251209_162550
  git_commit: 9d0adf44b7826ffd0cd358a1c6df6b31a35bcae4
  model_name: fusion_ensemble
  timestamp: '2025-12-09T16:26:00.203697'
metrics:
  f1: 0.8786707882534776
  hamming_loss: 0.022565687789799074
  micro_f1: 0.9774343122102009
  micro_precision: 0.9774343122102009
  micro_recall: 0.9774343122102009
  precision: 0.9010819165378671
  recall: 0.8706852138073159
  subset_accuracy: 0.8238021638330757
