metadata:
  dataset_name: test
  experiment_id: 2025-12-09_16-25-54_reuters_train40_20251209_162550
  git_commit: 9d0adf44b7826ffd0cd358a1c6df6b31a35bcae4
  model_name: fusion_ensemble
  timestamp: '2025-12-09T16:26:16.476258'
metrics:
  f1: 0.8857629338572365
  hamming_loss: 0.023339882121807466
  micro_f1: 0.9766601178781925
  micro_precision: 0.9766601178781925
  micro_recall: 0.9766601178781925
  precision: 0.8927308447937131
  recall: 0.8886705959397511
  subset_accuracy: 0.8361493123772102
