metadata:
  dataset_name: test
  experiment_id: 2025-11-11_16-20-59_goemotions_30pct_2025-11-11_16-20-45
  git_commit: f8bc36cd78b47b94557e48b353b85ac1fd17bf73
  model_name: fusion_ensemble
  timestamp: '2025-11-11T16:21:15.952869'
metrics:
  f1: 0.033666666666666664
  hamming_loss: 0.0775
  micro_f1: 0.9225
  micro_precision: 0.9225
  micro_recall: 0.9225
  precision: 0.037
  recall: 0.03306666666666667
  subset_accuracy: 0.028
