metadata:
  dataset_name: validation
  experiment_id: 2025-11-11_16-20-59_goemotions_30pct_2025-11-11_16-20-45
  git_commit: f8bc36cd78b47b94557e48b353b85ac1fd17bf73
  model_name: fusion_ensemble
  timestamp: '2025-11-11T16:21:10.081891'
metrics:
  f1: 0.0198
  hamming_loss: 0.08035714285714286
  micro_f1: 0.9196428571428571
  micro_precision: 0.9196428571428571
  micro_recall: 0.9196428571428571
  precision: 0.025
  recall: 0.0175
  subset_accuracy: 0.01
