metadata:
  dataset_name: test
  experiment_id: 2025-11-11_14-40-53_goemotions_50pct_2025-11-11_14-40-39
  git_commit: 04a9d080a5f09968d8d3c2db7968382971388af4
  model_name: fusion_ensemble
  timestamp: '2025-11-11T14:41:10.565767'
metrics:
  f1: 0.10176036186036187
  hamming_loss: 0.22242857142857142
  micro_f1: 0.7775714285714286
  micro_precision: 0.7775714285714286
  micro_recall: 0.7775714285714286
  precision: 0.06563109668109668
  recall: 0.2694
  subset_accuracy: 0.0
