metadata:
  dataset_name: validation
  experiment_id: 2025-11-11_14-40-53_goemotions_50pct_2025-11-11_14-40-39
  git_commit: 04a9d080a5f09968d8d3c2db7968382971388af4
  model_name: fusion_ensemble
  timestamp: '2025-11-11T14:41:04.550037'
metrics:
  f1: 0.08101182151182151
  hamming_loss: 0.23035714285714284
  micro_f1: 0.7696428571428572
  micro_precision: 0.7696428571428572
  micro_recall: 0.7696428571428572
  precision: 0.05133982683982684
  recall: 0.22616666666666665
  subset_accuracy: 0.0
