metadata:
  dataset_name: validation
  experiment_id: 2025-11-27_18-19-46_reuters_fusion_100000ppm_20251127_181942
  git_commit: d69e948ee176548e394fe6f34d23885278ef394c
  model_name: fusion_ensemble
  timestamp: '2025-11-27T18:20:18.289073'
metrics:
  f1: 0.0
  hamming_loss: 0.11128284389489954
  micro_f1: 0.8887171561051005
  micro_precision: 0.8887171561051005
  micro_recall: 0.8887171561051005
  precision: 0.0
  recall: 0.0
  subset_accuracy: 0.0
