metadata:
  dataset_name: validation
  experiment_id: 2025-12-05_15-09-35_reuters_fusion_100000ppm_20251205_150934
  git_commit: 6f7ef1a97693e915b8c5676d8f8eff83c044281f
  model_name: fusion_ensemble
  timestamp: '2025-12-05T15:09:42.603514'
metrics:
  f1: 0.7879958784131891
  hamming_loss: 0.033075734157650694
  micro_f1: 0.9669242658423493
  micro_precision: 0.9669242658423493
  micro_recall: 0.9669242658423493
  precision: 0.8129829984544049
  recall: 0.7776919113858836
  subset_accuracy: 0.7357032457496137
