metadata:
  dataset_name: test
  experiment_id: 2025-11-11_14-52-38_goemotions_30pct_2025-11-11_14-52-23
  git_commit: 04a9d080a5f09968d8d3c2db7968382971388af4
  model_name: fusion_ensemble
  timestamp: '2025-11-11T14:52:55.609681'
metrics:
  f1: 0.031358730158730155
  hamming_loss: 0.11378571428571428
  micro_f1: 0.8862142857142857
  micro_precision: 0.8862142857142857
  micro_recall: 0.8862142857142857
  precision: 0.03066666666666667
  recall: 0.04373333333333333
  subset_accuracy: 0.006
