metadata:
  dataset_name: validation
  experiment_id: 2025-11-11_14-52-38_goemotions_30pct_2025-11-11_14-52-23
  git_commit: 04a9d080a5f09968d8d3c2db7968382971388af4
  model_name: fusion_ensemble
  timestamp: '2025-11-11T14:52:48.931324'
metrics:
  f1: 0.030834920634920635
  hamming_loss: 0.11507142857142857
  micro_f1: 0.8849285714285714
  micro_precision: 0.8849285714285714
  micro_recall: 0.8849285714285714
  precision: 0.027766666666666665
  recall: 0.0485
  subset_accuracy: 0.006
