metadata:
  dataset_name: validation
  experiment_id: 2025-12-05_14-16-58_reuters_fusion_100000ppm_20251205_141657
  git_commit: d71a60cace81678d4ac24e8e268446510d6b7b1c
  model_name: fusion_ensemble
  timestamp: '2025-12-05T14:17:06.401442'
metrics:
  f1: 0.8277176713034518
  hamming_loss: 0.029984544049459043
  micro_f1: 0.970015455950541
  micro_precision: 0.970015455950541
  micro_recall: 0.970015455950541
  precision: 0.8415765069551777
  recall: 0.8219989696032973
  subset_accuracy: 0.7836166924265843
