metadata:
  dataset_name: validation
  experiment_id: 2025-12-09_16-34-57_reuters_train3_20251209_163435
  git_commit: 9d0adf44b7826ffd0cd358a1c6df6b31a35bcae4
  model_name: fusion_ensemble
  timestamp: '2025-12-09T16:35:02.892035'
metrics:
  f1: 0.6573930963420916
  hamming_loss: 0.04760432766615147
  micro_f1: 0.9523956723338486
  micro_precision: 0.9523956723338486
  micro_recall: 0.9523956723338486
  precision: 0.6599690880989181
  recall: 0.6561051004636785
  subset_accuracy: 0.652241112828439
