metadata:
  dataset_name: test
  experiment_id: 2025-12-09_16-34-57_reuters_train3_20251209_163435
  git_commit: 9d0adf44b7826ffd0cd358a1c6df6b31a35bcae4
  model_name: fusion_ensemble
  timestamp: '2025-12-09T16:35:20.428852'
metrics:
  f1: 0.6823837590045841
  hamming_loss: 0.04263261296660118
  micro_f1: 0.9573673870333989
  micro_precision: 0.9573673870333989
  micro_recall: 0.9573673870333989
  precision: 0.6827111984282908
  recall: 0.6831041257367387
  subset_accuracy: 0.6781925343811395
