metadata:
  dataset_name: validation
  experiment_id: 2025-10-16_15-53-43_roberta_roberta-base
  git_commit: 7e2256eb2f9c0e08499914d605b7daa795bef041
  model_name: roberta_classifier
  timestamp: '2025-10-16T15:56:55.256685'
metrics:
  accuracy: 0.928
  classification_report:
    accuracy: 0.928
    label_1:
      f1-score: 0.9402390438247012
      precision: 0.9365079365079365
      recall: 0.944
      support: 125.0
    label_2:
      f1-score: 0.9799196787148594
      precision: 0.9838709677419355
      recall: 0.976
      support: 125.0
    label_3:
      f1-score: 0.891566265060241
      precision: 0.8951612903225806
      recall: 0.888
      support: 125.0
    label_4:
      f1-score: 0.900398406374502
      precision: 0.8968253968253969
      recall: 0.904
      support: 125.0
    macro avg:
      f1-score: 0.928030848493576
      precision: 0.9280913978494624
      recall: 0.9279999999999999
      support: 500.0
    weighted avg:
      f1-score: 0.9280308484935759
      precision: 0.9280913978494623
      recall: 0.928
      support: 500.0
  f1_weighted: 0.9280308484935759
  precision_weighted: 0.9280913978494623
  recall_weighted: 0.928
