metadata:
  dataset_name: test
  experiment_id: 2025-10-16_15-53-43_roberta_roberta-base
  git_commit: 7e2256eb2f9c0e08499914d605b7daa795bef041
  model_name: roberta_classifier
  timestamp: '2025-10-16T15:57:20.857435'
metrics:
  accuracy: 0.916
  classification_report:
    accuracy: 0.916
    label_1:
      f1-score: 0.9142857142857143
      precision: 0.9333333333333333
      recall: 0.896
      support: 125.0
    label_2:
      f1-score: 0.9718875502008032
      precision: 0.9758064516129032
      recall: 0.968
      support: 125.0
    label_3:
      f1-score: 0.8616600790513834
      precision: 0.8515625
      recall: 0.872
      support: 125.0
    label_4:
      f1-score: 0.9169960474308301
      precision: 0.90625
      recall: 0.928
      support: 125.0
    macro avg:
      f1-score: 0.9162073477421827
      precision: 0.9167380712365591
      recall: 0.9159999999999999
      support: 500.0
    weighted avg:
      f1-score: 0.9162073477421827
      precision: 0.9167380712365591
      recall: 0.916
      support: 500.0
  f1_weighted: 0.9162073477421827
  precision_weighted: 0.9167380712365591
  recall_weighted: 0.916
