metadata:
  dataset_name: validation
  experiment_id: 2025-12-05_14-56-42_reuters_fusion_100000ppm_20251205_145641
  git_commit: 2792fdd96ec6271c427356d1d0f2225d4491401d
  model_name: fusion_ensemble
  timestamp: '2025-12-05T14:56:51.500967'
metrics:
  f1: 0.7853683668212261
  hamming_loss: 0.03153013910355487
  micro_f1: 0.9684698608964452
  micro_precision: 0.9684698608964452
  micro_recall: 0.9684698608964452
  precision: 0.8114374034003091
  recall: 0.7727975270479135
  subset_accuracy: 0.7357032457496137
