metadata:
  dataset_name: test
  experiment_id: 2025-12-05_14-56-42_reuters_fusion_100000ppm_20251205_145641
  git_commit: 2792fdd96ec6271c427356d1d0f2225d4491401d
  model_name: fusion_ensemble
  timestamp: '2025-12-05T14:57:08.182190'
metrics:
  f1: 0.9315651604453177
  hamming_loss: 0.01744597249508841
  micro_f1: 0.9825540275049116
  micro_precision: 0.9825540275049116
  micro_recall: 0.9825540275049116
  precision: 0.9572364112639161
  recall: 0.9200392927308448
  subset_accuracy: 0.8821218074656189
