metadata:
  dataset_name: test
  experiment_id: 2025-10-30_19-34-20_llm_goemotions_openai_1pct
  git_commit: d897a29f3ebc920a4543d5f0b8c3d601db9802cb
  model_name: openai_classifier
  timestamp: '2025-10-30T19:35:10.231228'
metrics:
  f1: 0.0
  hamming_loss: 0.08571428571428572
  micro_f1: 0.9142857142857143
  micro_precision: 0.9142857142857143
  micro_recall: 0.9142857142857143
  precision: 0.0
  recall: 0.0
  subset_accuracy: 0.0
