metadata:
  dataset_name: test
  experiment_id: 2025-11-11_16-01-34_goemotions_20pct_2025-11-11_16-01-20
  git_commit: 04a9d080a5f09968d8d3c2db7968382971388af4
  model_name: fusion_ensemble
  timestamp: '2025-11-11T16:01:51.814569'
metrics:
  f1: 0.0858030639393186
  hamming_loss: 0.8210714285714286
  micro_f1: 0.17892857142857144
  micro_precision: 0.17892857142857144
  micro_recall: 0.17892857142857144
  precision: 0.04544798604756944
  recall: 0.9055
  subset_accuracy: 0.0
