metadata:
  dataset_name: validation
  experiment_id: 2025-11-11_16-01-34_goemotions_20pct_2025-11-11_16-01-20
  git_commit: 04a9d080a5f09968d8d3c2db7968382971388af4
  model_name: fusion_ensemble
  timestamp: '2025-11-11T16:01:45.851071'
metrics:
  f1: 0.08896173515997004
  hamming_loss: 0.8206428571428571
  micro_f1: 0.17935714285714285
  micro_precision: 0.17935714285714285
  micro_recall: 0.17935714285714285
  precision: 0.04717260590309318
  recall: 0.9225
  subset_accuracy: 0.0
