metadata:
  dataset_name: test
  experiment_id: 2025-12-01_15-21-32_reuters_fusion_100000ppm_20251201_152131_openai
  git_commit: 618cafdee3609190d8da202aefc502efa6bac9cb
  model_name: openai_classifier
  timestamp: '2025-12-01T16:51:47.978483'
metrics:
  f1: 0.8802163833075735
  hamming_loss: 0.028438948995363214
  micro_f1: 0.9715610510046367
  micro_precision: 0.9715610510046367
  micro_recall: 0.9715610510046367
  precision: 0.9088098918083463
  recall: 0.8668212261720764
  subset_accuracy: 0.8284389489953632
