metadata:
  dataset_name: test
  experiment_id: 2025-11-11_14-41-24_goemotions_60pct_2025-11-11_14-41-10
  git_commit: 04a9d080a5f09968d8d3c2db7968382971388af4
  model_name: fusion_ensemble
  timestamp: '2025-11-11T14:41:42.318342'
metrics:
  f1: 0.09113089405068542
  hamming_loss: 0.7015
  micro_f1: 0.2985
  micro_precision: 0.2985
  micro_recall: 0.2985
  precision: 0.04867809580818667
  recall: 0.8334333333333332
  subset_accuracy: 0.0
