metadata:
  dataset_name: validation
  experiment_id: 2025-11-11_14-41-24_goemotions_60pct_2025-11-11_14-41-10
  git_commit: 04a9d080a5f09968d8d3c2db7968382971388af4
  model_name: fusion_ensemble
  timestamp: '2025-11-11T14:41:36.250722'
metrics:
  f1: 0.09238495792138543
  hamming_loss: 0.6925714285714286
  micro_f1: 0.30742857142857144
  micro_precision: 0.30742857142857144
  micro_recall: 0.30742857142857144
  precision: 0.04938726807420306
  recall: 0.826
  subset_accuracy: 0.0
