metadata:
  dataset_name: validation
  experiment_id: 2025-12-05_15-17-17_reuters_fusion_100000ppm_20251205_151716
  git_commit: 6f7ef1a97693e915b8c5676d8f8eff83c044281f
  model_name: fusion_ensemble
  timestamp: '2025-12-05T15:17:24.844588'
metrics:
  f1: 0.7581143740340031
  hamming_loss: 0.03462132921174652
  micro_f1: 0.9653786707882535
  micro_precision: 0.9653786707882535
  micro_recall: 0.9653786707882535
  precision: 0.7867078825347759
  recall: 0.7444616177228233
  subset_accuracy: 0.7047913446676971
