metadata:
  dataset_name: test
  experiment_id: 2025-12-05_15-09-35_reuters_fusion_100000ppm_20251205_150934_openai
  git_commit: 6f7ef1a97693e915b8c5676d8f8eff83c044281f
  model_name: openai_classifier
  timestamp: '2025-12-05T15:09:58.542253'
metrics:
  f1: 0.0
  hamming_loss: 0.10950884086444009
  micro_f1: 0.0
  micro_precision: 0.0
  micro_recall: 0.0
  precision: 0.0
  recall: 0.0
  subset_accuracy: 0.0
