metadata:
  dataset_name: test
  experiment_id: 2025-11-11_14-25-50_goemotions_60pct_2025-11-11_14-25-21
  git_commit: 04a9d080a5f09968d8d3c2db7968382971388af4
  model_name: fusion_ensemble
  timestamp: '2025-11-11T14:26:34.148114'
metrics:
  f1: 0.07956265564500858
  hamming_loss: 0.4275
  micro_f1: 0.5725
  micro_precision: 0.5725
  micro_recall: 0.5725
  precision: 0.044512562437562436
  recall: 0.44310000000000005
  subset_accuracy: 0.0
