metadata:
  dataset_name: validation
  experiment_id: 2025-11-11_14-25-50_goemotions_60pct_2025-11-11_14-25-21
  git_commit: 04a9d080a5f09968d8d3c2db7968382971388af4
  model_name: fusion_ensemble
  timestamp: '2025-11-11T14:26:20.609852'
metrics:
  f1: 0.08087805020916478
  hamming_loss: 0.42642857142857143
  micro_f1: 0.5735714285714286
  micro_precision: 0.5735714285714286
  micro_recall: 0.5735714285714286
  precision: 0.0452863993849288
  recall: 0.4513333333333333
  subset_accuracy: 0.0
