metadata:
  dataset_name: val
  experiment_id: 2025-11-25_20-04-47_reuters_fusion_100000ppm_20251125_200444_openai
  git_commit: 0898d46b96ad829fd0f13518d881a2218a884960
  model_name: openai_classifier
  timestamp: '2025-11-25T20:04:51.867437'
metrics:
  f1: 0.8699124162802679
  hamming_loss: 0.030293663060278208
  micro_f1: 0.9697063369397217
  micro_precision: 0.9697063369397217
  micro_recall: 0.9697063369397217
  precision: 0.9003091190108191
  recall: 0.8560020607934056
  subset_accuracy: 0.8129829984544049
