metadata:
  dataset_name: validation
  experiment_id: 2025-11-21_17-20-48_reuters_fusion_100ppm_20251121_172048
  git_commit: ac1314294dd92906c5c9ca90cbb5284ae124a918
  model_name: fusion_ensemble
  timestamp: '2025-11-21T17:20:52.041133'
metrics:
  f1: 0.25
  hamming_loss: 0.35
  micro_f1: 0.65
  micro_precision: 0.65
  micro_recall: 0.65
  precision: 0.16666666666666666
  recall: 0.5
  subset_accuracy: 0.0
