metadata:
  dataset_name: validation
  experiment_id: 2025-11-11_14-42-27_goemotions_80pct_2025-11-11_14-42-13
  git_commit: 04a9d080a5f09968d8d3c2db7968382971388af4
  model_name: fusion_ensemble
  timestamp: '2025-11-11T14:42:39.752747'
metrics:
  f1: 0.0396
  hamming_loss: 0.08128571428571428
  micro_f1: 0.9187142857142857
  micro_precision: 0.9187142857142857
  micro_recall: 0.9187142857142857
  precision: 0.04466666666666667
  recall: 0.03766666666666667
  subset_accuracy: 0.032
