metadata:
  dataset_name: test
  experiment_id: 2025-11-11_14-42-27_goemotions_80pct_2025-11-11_14-42-13
  git_commit: 04a9d080a5f09968d8d3c2db7968382971388af4
  model_name: fusion_ensemble
  timestamp: '2025-11-11T14:42:45.781063'
metrics:
  f1: 0.05266666666666667
  hamming_loss: 0.07721428571428571
  micro_f1: 0.9227857142857143
  micro_precision: 0.9227857142857143
  micro_recall: 0.9227857142857143
  precision: 0.058
  recall: 0.0504
  subset_accuracy: 0.044
