metadata:
  dataset_name: validation
  experiment_id: 2025-11-11_16-02-37_goemotions_40pct_2025-11-11_16-02-23
  git_commit: 04a9d080a5f09968d8d3c2db7968382971388af4
  model_name: fusion_ensemble
  timestamp: '2025-11-11T16:02:49.001323'
metrics:
  f1: 0.08689856254856256
  hamming_loss: 0.3342857142857143
  micro_f1: 0.6657142857142857
  micro_precision: 0.6657142857142857
  micro_recall: 0.6657142857142857
  precision: 0.05053599733599733
  recall: 0.3655
  subset_accuracy: 0.0
