metadata:
  dataset_name: test
  experiment_id: 2025-11-11_16-02-37_goemotions_40pct_2025-11-11_16-02-23
  git_commit: 04a9d080a5f09968d8d3c2db7968382971388af4
  model_name: fusion_ensemble
  timestamp: '2025-11-11T16:02:54.945232'
metrics:
  f1: 0.08301972471972473
  hamming_loss: 0.3325714285714286
  micro_f1: 0.6674285714285715
  micro_precision: 0.6674285714285715
  micro_recall: 0.6674285714285715
  precision: 0.04897783882783883
  recall: 0.34063333333333334
  subset_accuracy: 0.0
