metadata:
  dataset_name: test
  experiment_id: 2025-12-01_16-54-12_reuters_fusion_100000ppm_20251201_165412_openai
  git_commit: 618cafdee3609190d8da202aefc502efa6bac9cb
  model_name: openai_classifier
  timestamp: '2025-12-01T22:31:36.874200'
metrics:
  f1: 0.9104743193937693
  hamming_loss: 0.02098231827111984
  micro_f1: 0.9790176817288802
  micro_precision: 0.9790176817288802
  micro_recall: 0.9790176817288802
  precision: 0.9361165684348395
  recall: 0.8993451211525868
  subset_accuracy: 0.8601178781925344
