metadata:
  dataset_name: test
  experiment_id: 2025-10-27_18-35-34_llm_goemotions_openai_100pct
  git_commit: 5041b5567d5e6e8d526211d06abc90b70218d278
  model_name: openai_classifier
  timestamp: '2025-10-27T18:59:06.061163'
metrics:
  f1: 0.10813333333333333
  hamming_loss: 0.07635714285714286
  micro_f1: 0.9236428571428571
  micro_precision: 0.9236428571428571
  micro_recall: 0.9236428571428571
  precision: 0.107
  recall: 0.12256666666666666
  subset_accuracy: 0.056
