metadata:
  dataset_name: val
  experiment_id: 2025-12-05_15-17-17_reuters_fusion_100000ppm_20251205_151716_openai
  git_commit: 6f7ef1a97693e915b8c5676d8f8eff83c044281f
  model_name: openai_classifier
  timestamp: '2025-12-05T15:17:23.099197'
metrics:
  f1: 0.8747552807831015
  hamming_loss: 0.029675425038639878
  micro_f1: 0.9703245749613602
  micro_precision: 0.9703245749613602
  micro_recall: 0.9703245749613602
  precision: 0.9036579082946934
  recall: 0.8614116434827409
  subset_accuracy: 0.8207109737248841
