metadata:
  dataset_name: test
  experiment_id: 2025-12-05_15-17-17_reuters_fusion_100000ppm_20251205_151716_openai
  git_commit: 6f7ef1a97693e915b8c5676d8f8eff83c044281f
  model_name: openai_classifier
  timestamp: '2025-12-05T15:17:40.587202'
metrics:
  f1: 0.9086439434176592
  hamming_loss: 0.01736738703339882
  micro_f1: 0.9173522812266268
  micro_precision: 0.9578289730573994
  micro_recall: 0.8801578758521708
  precision: 0.9576579914285165
  recall: 0.8801578758521708
  subset_accuracy: 0.8829076620825147
