metadata:
  dataset_name: validation
  experiment_id: 2025-11-07_18-34-05_goemotions_90pct_2025-11-07_18-33-50
  git_commit: 04a9d080a5f09968d8d3c2db7968382971388af4
  model_name: fusion_ensemble
  timestamp: '2025-11-07T18:34:17.080134'
metrics:
  f1: 0.272
  hamming_loss: 0.05907142857142857
  micro_f1: 0.9409285714285714
  micro_precision: 0.9409285714285714
  micro_recall: 0.9409285714285714
  precision: 0.272
  recall: 0.272
  subset_accuracy: 0.272
