metadata:
  dataset_name: validation
  experiment_id: 2025-11-20_21-12-10_reuters_20pct_2025-11-20_21-12-08
  git_commit: 9ac239ba2b22d557e441f478f1794b52b69d6991
  model_name: fusion_ensemble
  timestamp: '2025-11-20T21:12:11.939653'
metrics:
  f1: 0.05
  hamming_loss: 0.42
  micro_f1: 0.58
  micro_precision: 0.58
  micro_recall: 0.58
  precision: 0.03333333333333333
  recall: 0.1
  subset_accuracy: 0.0
