metadata:
  dataset_name: test
  experiment_id: 2025-11-11_16-22-32_goemotions_60pct_2025-11-11_16-22-17
  git_commit: f8bc36cd78b47b94557e48b353b85ac1fd17bf73
  model_name: fusion_ensemble
  timestamp: '2025-11-11T16:22:48.623988'
metrics:
  f1: 0.09649147194749517
  hamming_loss: 0.693
  micro_f1: 0.307
  micro_precision: 0.307
  micro_recall: 0.307
  precision: 0.05167744810077426
  recall: 0.8668333333333333
  subset_accuracy: 0.0
