metadata:
  dataset_name: validation
  experiment_id: 2025-11-11_16-22-32_goemotions_60pct_2025-11-11_16-22-17
  git_commit: f8bc36cd78b47b94557e48b353b85ac1fd17bf73
  model_name: fusion_ensemble
  timestamp: '2025-11-11T16:22:42.645973'
metrics:
  f1: 0.0953298879932347
  hamming_loss: 0.6908571428571428
  micro_f1: 0.30914285714285716
  micro_precision: 0.30914285714285716
  micro_recall: 0.30914285714285716
  precision: 0.05108695137624872
  recall: 0.8416666666666667
  subset_accuracy: 0.0
