metadata:
  dataset_name: test
  experiment_id: 2025-12-02_15-27-03_reuters_fusion_100000ppm_20251202_152702_openai
  git_commit: bb47ce1039bb36f72a2110dff691998fd9b62cf2
  model_name: openai_classifier
  timestamp: '2025-12-02T15:31:17.253902'
metrics:
  f1: 0.9814814814814815
  hamming_loss: 0.005555555555555556
  micro_f1: 0.9944444444444445
  micro_precision: 0.9944444444444445
  micro_recall: 0.9944444444444445
  precision: 1.0
  recall: 0.9722222222222222
  subset_accuracy: 0.9444444444444444
