metadata:
  dataset_name: test
  experiment_id: 2025-11-22_20-48-43_reuters_fusion_100000ppm_20251122_204839
  git_commit: a072cfb0be693121a8d2bb5f419ab2ad37aa3bc5
  model_name: fusion_ensemble
  timestamp: '2025-11-22T20:50:34.905761'
metrics:
  f1: 0.0
  hamming_loss: 0.10950884086444009
  micro_f1: 0.8904911591355599
  micro_precision: 0.8904911591355599
  micro_recall: 0.8904911591355599
  precision: 0.0
  recall: 0.0
  subset_accuracy: 0.0
