metadata:
  dataset_name: validation
  experiment_id: 2025-11-07_18-33-32_goemotions_80pct_2025-11-07_18-33-18
  git_commit: 04a9d080a5f09968d8d3c2db7968382971388af4
  model_name: fusion_ensemble
  timestamp: '2025-11-07T18:33:45.040074'
metrics:
  f1: 0.27266666666666667
  hamming_loss: 0.05892857142857143
  micro_f1: 0.9410714285714286
  micro_precision: 0.9410714285714286
  micro_recall: 0.9410714285714286
  precision: 0.274
  recall: 0.272
  subset_accuracy: 0.27
