metadata:
  dataset_name: validation
  experiment_id: 2025-11-06_15-15-33_goemotions_25pct_2025-11-06_15-15-18
  git_commit: d1daf9864f001bdccd0e19b1511df133df08749c
  model_name: fusion_ensemble
  timestamp: '2025-11-06T17:39:59.558569'
metrics:
  f1: 0.018
  hamming_loss: 0.04278571428571429
  micro_f1: 0.9572142857142857
  micro_precision: 0.9572142857142857
  micro_recall: 0.9572142857142857
  precision: 0.018
  recall: 0.018
  subset_accuracy: 0.018
