metadata:
  dataset_name: test
  experiment_id: 2025-11-06_15-15-33_goemotions_25pct_2025-11-06_15-15-18
  git_commit: d1daf9864f001bdccd0e19b1511df133df08749c
  model_name: fusion_ensemble
  timestamp: '2025-11-06T19:47:22.040564'
metrics:
  f1: 0.012
  hamming_loss: 0.04214285714285714
  micro_f1: 0.9578571428571429
  micro_precision: 0.9578571428571429
  micro_recall: 0.9578571428571429
  precision: 0.012
  recall: 0.012
  subset_accuracy: 0.012
