metadata:
  dataset_name: validation
  experiment_id: 2025-11-22_22-04-13_reuters_fusion_100000ppm_20251122_220409_openai
  git_commit: a3151dc909f4addf8b94dfb0ec91bd2a771baa08
  model_name: openai_classifier
  timestamp: '2025-11-22T22:04:17.876434'
metrics:
  f1: 0.8699124162802679
  hamming_loss: 0.030293663060278208
  micro_f1: 0.9697063369397217
  micro_precision: 0.9697063369397217
  micro_recall: 0.9697063369397217
  precision: 0.9003091190108191
  recall: 0.8560020607934056
  subset_accuracy: 0.8129829984544049
