metadata:
  dataset_name: test
  experiment_id: 2025-11-23_20-16-14_reuters_fusion_100000ppm_20251123_201611
  git_commit: e5f858798f447b100973adce6b0310abdae51260
  model_name: fusion_ensemble
  timestamp: '2025-11-23T20:16:37.215948'
metrics:
  f1: 0.0
  hamming_loss: 0.10950884086444009
  micro_f1: 0.8904911591355599
  micro_precision: 0.8904911591355599
  micro_recall: 0.8904911591355599
  precision: 0.0
  recall: 0.0
  subset_accuracy: 0.0
