metadata:
  dataset_name: validation
  experiment_id: 2025-10-20_20-59-44_ag_news_9pct_2025-10-20_20-59-44_roberta
  git_commit: 24f5d3e9febffa43560e191bcce5d720ba82fb21
  model_name: roberta_classifier
  timestamp: '2025-10-20T21:00:15.072826'
metrics:
  accuracy: 0.884
  classification_report:
    accuracy: 0.884
    label_1:
      f1-score: 0.905511811023622
      precision: 0.8914728682170543
      recall: 0.92
      support: 125.0
    label_2:
      f1-score: 0.9603174603174603
      precision: 0.952755905511811
      recall: 0.968
      support: 125.0
    label_3:
      f1-score: 0.8449612403100775
      precision: 0.8195488721804511
      recall: 0.872
      support: 125.0
    label_4:
      f1-score: 0.8220338983050848
      precision: 0.8738738738738738
      recall: 0.776
      support: 125.0
    macro avg:
      f1-score: 0.8832061024890612
      precision: 0.8844128799457975
      recall: 0.8839999999999999
      support: 500.0
    weighted avg:
      f1-score: 0.8832061024890611
      precision: 0.8844128799457976
      recall: 0.884
      support: 500.0
  f1_weighted: 0.8832061024890611
  precision_weighted: 0.8844128799457976
  recall_weighted: 0.884
