metadata:
  dataset_name: test
  experiment_id: 2025-10-20_20-59-44_ag_news_9pct_2025-10-20_20-59-44_roberta
  git_commit: 24f5d3e9febffa43560e191bcce5d720ba82fb21
  model_name: roberta_classifier
  timestamp: '2025-10-20T21:00:51.720772'
metrics:
  accuracy: 0.886
  classification_report:
    accuracy: 0.886
    label_1:
      f1-score: 0.8941176470588236
      precision: 0.8769230769230769
      recall: 0.912
      support: 125.0
    label_2:
      f1-score: 0.9516129032258065
      precision: 0.959349593495935
      recall: 0.944
      support: 125.0
    label_3:
      f1-score: 0.842911877394636
      precision: 0.8088235294117647
      recall: 0.88
      support: 125.0
    label_4:
      f1-score: 0.8559322033898306
      precision: 0.9099099099099099
      recall: 0.808
      support: 125.0
    macro avg:
      f1-score: 0.8861436577672741
      precision: 0.8887515274351716
      recall: 0.8859999999999999
      support: 500.0
    weighted avg:
      f1-score: 0.8861436577672741
      precision: 0.8887515274351716
      recall: 0.886
      support: 500.0
  f1_weighted: 0.8861436577672741
  precision_weighted: 0.8887515274351716
  recall_weighted: 0.886
