metadata:
  dataset_name: validation
  experiment_id: 2025-11-22_19-45-20_reuters_fusion_100000ppm_20251122_194519
  git_commit: ade8a91da9a478b9ba2526b1179d101bb7f9e864
  model_name: fusion_ensemble
  timestamp: '2025-11-22T19:45:27.976072'
metrics:
  f1: 0.42091705306543015
  hamming_loss: 0.06924265842349304
  micro_f1: 0.9307573415765069
  micro_precision: 0.9307573415765069
  micro_recall: 0.9307573415765069
  precision: 0.42194744976816073
  recall: 0.42040185471406494
  subset_accuracy: 0.4188562596599691
