metadata:
  dataset_name: test
  experiment_id: 2025-10-20_20-54-16_ag_news_5pct_2025-10-20_20-54-16_roberta
  git_commit: 24f5d3e9febffa43560e191bcce5d720ba82fb21
  model_name: roberta_classifier
  timestamp: '2025-10-20T20:55:32.023036'
metrics:
  accuracy: 0.81
  classification_report:
    accuracy: 0.81
    label_1:
      f1-score: 0.8195488721804511
      precision: 0.7730496453900709
      recall: 0.872
      support: 125.0
    label_2:
      f1-score: 0.9302325581395349
      precision: 0.9022556390977443
      recall: 0.96
      support: 125.0
    label_3:
      f1-score: 0.7900355871886121
      precision: 0.7115384615384616
      recall: 0.888
      support: 125.0
    label_4:
      f1-score: 0.6666666666666666
      precision: 0.9285714285714286
      recall: 0.52
      support: 125.0
    macro avg:
      f1-score: 0.8016209210438161
      precision: 0.8288537936494265
      recall: 0.8099999999999999
      support: 500.0
    weighted avg:
      f1-score: 0.8016209210438161
      precision: 0.8288537936494262
      recall: 0.81
      support: 500.0
  f1_weighted: 0.8016209210438161
  precision_weighted: 0.8288537936494262
  recall_weighted: 0.81
