metadata:
  dataset_name: test
  experiment_id: 2025-12-09_16-36-00_reuters_train4_20251209_163536
  git_commit: 9d0adf44b7826ffd0cd358a1c6df6b31a35bcae4
  model_name: fusion_ensemble
  timestamp: '2025-12-09T16:36:24.052265'
metrics:
  f1: 0.6857236411263916
  hamming_loss: 0.04400785854616896
  micro_f1: 0.955992141453831
  micro_precision: 0.955992141453831
  micro_recall: 0.955992141453831
  precision: 0.6858546168958742
  recall: 0.687033398821218
  subset_accuracy: 0.6797642436149313
