metadata:
  dataset_name: validation
  experiment_id: 2025-11-11_16-20-28_goemotions_20pct_2025-11-11_16-20-14
  git_commit: f8bc36cd78b47b94557e48b353b85ac1fd17bf73
  model_name: fusion_ensemble
  timestamp: '2025-11-11T16:20:39.477048'
metrics:
  f1: 0.09323565192976957
  hamming_loss: 0.3737857142857143
  micro_f1: 0.6262142857142857
  micro_precision: 0.6262142857142857
  micro_recall: 0.6262142857142857
  precision: 0.052994616494616495
  recall: 0.46166666666666667
  subset_accuracy: 0.0
