metadata:
  dataset_name: test
  experiment_id: 2025-11-11_16-20-28_goemotions_20pct_2025-11-11_16-20-14
  git_commit: f8bc36cd78b47b94557e48b353b85ac1fd17bf73
  model_name: fusion_ensemble
  timestamp: '2025-11-11T16:20:45.328774'
metrics:
  f1: 0.08530642788583966
  hamming_loss: 0.3695
  micro_f1: 0.6305
  micro_precision: 0.6305
  micro_recall: 0.6305
  precision: 0.04861622266622267
  recall: 0.41960000000000003
  subset_accuracy: 0.0
