metadata:
  dataset_name: validation
  experiment_id: 2025-10-16_14-42-56_roberta_roberta-base
  git_commit: e5f8bb8cee1ed3dcdd92621adc1f517948d73daf
  model_name: roberta_classifier
  timestamp: '2025-10-16T14:46:08.472085'
metrics:
  accuracy: 0.928
  classification_report:
    accuracy: 0.928
    label_1:
      f1-score: 0.9482071713147411
      precision: 0.9444444444444444
      recall: 0.952
      support: 125.0
    label_2:
      f1-score: 0.9802371541501976
      precision: 0.96875
      recall: 0.992
      support: 125.0
    label_3:
      f1-score: 0.8924302788844621
      precision: 0.8888888888888888
      recall: 0.896
      support: 125.0
    label_4:
      f1-score: 0.889795918367347
      precision: 0.9083333333333333
      recall: 0.872
      support: 125.0
    macro avg:
      f1-score: 0.927667630679187
      precision: 0.9276041666666666
      recall: 0.9279999999999999
      support: 500.0
    weighted avg:
      f1-score: 0.9276676306791869
      precision: 0.9276041666666667
      recall: 0.928
      support: 500.0
  f1_weighted: 0.9276676306791869
  precision_weighted: 0.9276041666666667
  recall_weighted: 0.928
