metadata:
  dataset_name: test
  experiment_id: 2025-11-11_14-54-15_goemotions_60pct_2025-11-11_14-54-00
  git_commit: 04a9d080a5f09968d8d3c2db7968382971388af4
  model_name: fusion_ensemble
  timestamp: '2025-11-11T14:54:32.383638'
metrics:
  f1: 0.08665958485958486
  hamming_loss: 0.23907142857142857
  micro_f1: 0.7609285714285714
  micro_precision: 0.7609285714285714
  micro_recall: 0.7609285714285714
  precision: 0.05282265512265512
  recall: 0.2871
  subset_accuracy: 0.0
