metadata:
  dataset_name: validation
  experiment_id: 2025-11-11_14-54-15_goemotions_60pct_2025-11-11_14-54-00
  git_commit: 04a9d080a5f09968d8d3c2db7968382971388af4
  model_name: fusion_ensemble
  timestamp: '2025-11-11T14:54:26.249469'
metrics:
  f1: 0.08060412920412921
  hamming_loss: 0.24085714285714285
  micro_f1: 0.7591428571428571
  micro_precision: 0.7591428571428571
  micro_recall: 0.7591428571428571
  precision: 0.050480375180375174
  recall: 0.2615
  subset_accuracy: 0.0
