metadata:
  dataset_name: test
  experiment_id: 2025-10-14_11-08-02_roberta_roberta-base
  git_commit: 7467cf97e00e18596935ce34cdc3b0821cbd317f
  model_name: roberta_classifier
  timestamp: '2025-10-14T11:12:12.394892'
metrics:
  accuracy: 0.4
  classification_report:
    accuracy: 0.4
    label_1:
      f1-score: 0.6666666666666666
      precision: 1.0
      recall: 0.5
      support: 2.0
    label_2:
      f1-score: 0.4
      precision: 0.25
      recall: 1.0
      support: 1.0
    label_3:
      f1-score: 0.0
      precision: 0.0
      recall: 0.0
      support: 2.0
    label_4:
      f1-score: 0.0
      precision: 0.0
      recall: 0.0
      support: 0.0
    macro avg:
      f1-score: 0.26666666666666666
      precision: 0.3125
      recall: 0.375
      support: 5.0
    weighted avg:
      f1-score: 0.3466666666666667
      precision: 0.45
      recall: 0.4
      support: 5.0
  f1_weighted: 0.3466666666666667
  precision_weighted: 0.45
  recall_weighted: 0.4
