metadata:
  dataset_name: test
  experiment_id: 2025-11-11_14-22-03_goemotions_20pct_2025-11-11_14-21-47
  git_commit: 04a9d080a5f09968d8d3c2db7968382971388af4
  model_name: fusion_ensemble
  timestamp: '2025-11-11T14:22:22.920703'
metrics:
  f1: 0.08253467511261002
  hamming_loss: 0.8537857142857143
  micro_f1: 0.1462142857142857
  micro_precision: 0.1462142857142857
  micro_recall: 0.1462142857142857
  precision: 0.043609694678573396
  recall: 0.9083333333333333
  subset_accuracy: 0.0
