metadata:
  dataset_name: validation
  experiment_id: 2025-11-22_18-48-06_reuters_fusion_100000ppm_20251122_184805
  git_commit: ade8a91da9a478b9ba2526b1179d101bb7f9e864
  model_name: fusion_ensemble
  timestamp: '2025-11-22T18:48:22.291603'
metrics:
  f1: 0.0010303967027305513
  hamming_loss: 0.11112828438948995
  micro_f1: 0.88887171561051
  micro_precision: 0.88887171561051
  micro_recall: 0.88887171561051
  precision: 0.0015455950540958269
  recall: 0.0007727975270479134
  subset_accuracy: 0.0
