metadata:
  dataset_name: validation
  experiment_id: 2025-11-11_16-23-33_goemotions_80pct_2025-11-11_16-23-19_openai
  git_commit: f8bc36cd78b47b94557e48b353b85ac1fd17bf73
  model_name: openai_classifier
  timestamp: '2025-11-11T16:23:37.504278'
metrics:
  f1: 0.2750666666666667
  hamming_loss: 0.056357142857142856
  micro_f1: 0.9436428571428571
  micro_precision: 0.9436428571428571
  micro_recall: 0.9436428571428571
  precision: 0.31
  recall: 0.2588333333333333
  subset_accuracy: 0.212
