metadata:
  dataset_name: validation
  experiment_id: 2025-11-11_15-39-13_ag_news_20pct_2025-11-11_15-39-13_roberta
  git_commit: 04a9d080a5f09968d8d3c2db7968382971388af4
  model_name: roberta_classifier
  timestamp: '2025-11-11T15:39:59.291335'
metrics:
  accuracy: 0.902
  classification_report:
    accuracy: 0.902
    label_1:
      f1-score: 0.8968253968253969
      precision: 0.889763779527559
      recall: 0.904
      support: 125.0
    label_2:
      f1-score: 0.968503937007874
      precision: 0.9534883720930233
      recall: 0.984
      support: 125.0
    label_3:
      f1-score: 0.873015873015873
      precision: 0.8661417322834646
      recall: 0.88
      support: 125.0
    label_4:
      f1-score: 0.8677685950413223
      precision: 0.8974358974358975
      recall: 0.84
      support: 125.0
    macro avg:
      f1-score: 0.9015284504726165
      precision: 0.9017074453349861
      recall: 0.9019999999999999
      support: 500.0
    weighted avg:
      f1-score: 0.9015284504726166
      precision: 0.901707445334986
      recall: 0.902
      support: 500.0
  f1_weighted: 0.9015284504726166
  precision_weighted: 0.901707445334986
  recall_weighted: 0.902
