metadata:
  dataset_name: test
  experiment_id: 2025-10-14_15-24-26_roberta_roberta-base
  git_commit: 4a9d3b1f37cb3134278b70c0b19114e3194b1953
  model_name: roberta_classifier
  timestamp: '2025-10-14T15:29:34.516860'
metrics:
  accuracy: 0.6
  classification_report:
    accuracy: 0.6
    label_1:
      f1-score: 0.0
      precision: 0.0
      recall: 0.0
      support: 2.0
    label_2:
      f1-score: 1.0
      precision: 1.0
      recall: 1.0
      support: 1.0
    label_3:
      f1-score: 0.6666666666666666
      precision: 0.5
      recall: 1.0
      support: 2.0
    label_4:
      f1-score: 0.0
      precision: 0.0
      recall: 0.0
      support: 0.0
    macro avg:
      f1-score: 0.41666666666666663
      precision: 0.375
      recall: 0.5
      support: 5.0
    weighted avg:
      f1-score: 0.4666666666666666
      precision: 0.4
      recall: 0.6
      support: 5.0
  f1_weighted: 0.4666666666666666
  precision_weighted: 0.4
  recall_weighted: 0.6
