metadata:
  dataset_name: test
  experiment_id: 2025-11-11_15-57-31_ag_news_20pct_2025-11-11_15-46-03_roberta
  git_commit: 04a9d080a5f09968d8d3c2db7968382971388af4
  model_name: roberta_classifier
  timestamp: '2025-11-11T15:58:59.438967'
metrics:
  accuracy: 0.902
  classification_report:
    accuracy: 0.902
    label_1:
      f1-score: 0.8870967741935484
      precision: 0.8943089430894309
      recall: 0.88
      support: 125.0
    label_2:
      f1-score: 0.968
      precision: 0.968
      recall: 0.968
      support: 125.0
    label_3:
      f1-score: 0.856
      precision: 0.856
      recall: 0.856
      support: 125.0
    label_4:
      f1-score: 0.8968253968253969
      precision: 0.889763779527559
      recall: 0.904
      support: 125.0
    macro avg:
      f1-score: 0.9019805427547363
      precision: 0.9020181806542475
      recall: 0.9019999999999999
      support: 500.0
    weighted avg:
      f1-score: 0.9019805427547363
      precision: 0.9020181806542474
      recall: 0.902
      support: 500.0
  f1_weighted: 0.9019805427547363
  precision_weighted: 0.9020181806542474
  recall_weighted: 0.902
