metadata:
  dataset_name: test
  experiment_id: 2025-11-06_15-15-33_goemotions_25pct_2025-11-06_15-15-18_openai
  git_commit: d1daf9864f001bdccd0e19b1511df133df08749c
  model_name: openai_classifier
  timestamp: '2025-11-06T19:47:21.684939'
metrics:
  f1: 0.2616
  hamming_loss: 0.056857142857142856
  micro_f1: 0.9431428571428572
  micro_precision: 0.9431428571428572
  micro_recall: 0.9431428571428572
  precision: 0.294
  recall: 0.247
  subset_accuracy: 0.206
