metadata:
  dataset_name: test
  experiment_id: 2025-11-11_16-03-41_goemotions_60pct_2025-11-11_16-03-26
  git_commit: 04a9d080a5f09968d8d3c2db7968382971388af4
  model_name: fusion_ensemble
  timestamp: '2025-11-11T16:03:58.603108'
metrics:
  f1: 0.08823827381768558
  hamming_loss: 0.42857142857142855
  micro_f1: 0.5714285714285714
  micro_precision: 0.5714285714285714
  micro_recall: 0.5714285714285714
  precision: 0.04925199734905618
  recall: 0.49743333333333334
  subset_accuracy: 0.0
