metadata:
  dataset_name: validation
  experiment_id: 2025-11-11_16-03-41_goemotions_60pct_2025-11-11_16-03-26
  git_commit: 04a9d080a5f09968d8d3c2db7968382971388af4
  model_name: fusion_ensemble
  timestamp: '2025-11-11T16:03:52.623167'
metrics:
  f1: 0.08105725956190352
  hamming_loss: 0.42714285714285716
  micro_f1: 0.5728571428571428
  micro_precision: 0.5728571428571428
  micro_recall: 0.5728571428571428
  precision: 0.045297597337303215
  recall: 0.45066666666666666
  subset_accuracy: 0.0
