metadata:
  dataset_name: validation
  experiment_id: 2025-11-11_14-28-18_goemotions_80pct_2025-11-11_14-27-47
  git_commit: 04a9d080a5f09968d8d3c2db7968382971388af4
  model_name: fusion_ensemble
  timestamp: '2025-11-11T14:28:48.351684'
metrics:
  f1: 0.10472638125548343
  hamming_loss: 0.4017857142857143
  micro_f1: 0.5982142857142857
  micro_precision: 0.5982142857142857
  micro_recall: 0.5982142857142857
  precision: 0.05925803624480095
  recall: 0.5451666666666666
  subset_accuracy: 0.0
