metadata:
  dataset_name: test
  experiment_id: 2025-11-11_14-28-18_goemotions_80pct_2025-11-11_14-27-47
  git_commit: 04a9d080a5f09968d8d3c2db7968382971388af4
  model_name: fusion_ensemble
  timestamp: '2025-11-11T14:29:02.133529'
metrics:
  f1: 0.10041766743748168
  hamming_loss: 0.398
  micro_f1: 0.602
  micro_precision: 0.602
  micro_recall: 0.602
  precision: 0.05687766967294831
  recall: 0.5203
  subset_accuracy: 0.0
