metadata:
  dataset_name: test
  experiment_id: 2025-11-23_20-14-17_reuters_fusion_100000ppm_20251123_201414
  git_commit: e5f858798f447b100973adce6b0310abdae51260
  model_name: fusion_ensemble
  timestamp: '2025-11-23T20:14:39.898847'
metrics:
  f1: 0.0
  hamming_loss: 0.10954813359528487
  micro_f1: 0.8904518664047151
  micro_precision: 0.8904518664047151
  micro_recall: 0.8904518664047151
  precision: 0.0
  recall: 0.0
  subset_accuracy: 0.0
