metadata:
  dataset_name: validation
  experiment_id: 2025-11-11_14-40-22_goemotions_40pct_2025-11-11_14-40-08
  git_commit: 04a9d080a5f09968d8d3c2db7968382971388af4
  model_name: fusion_ensemble
  timestamp: '2025-11-11T14:40:33.383561'
metrics:
  f1: 0.07971658341658341
  hamming_loss: 0.33007142857142857
  micro_f1: 0.6699285714285714
  micro_precision: 0.6699285714285714
  micro_recall: 0.6699285714285714
  precision: 0.04646460761460761
  recall: 0.3411666666666667
  subset_accuracy: 0.0
