metadata:
  dataset_name: validation
  experiment_id: 2025-11-25_13-42-41_reuters_fusion_100000ppm_20251125_134237_openai
  git_commit: e5f858798f447b100973adce6b0310abdae51260
  model_name: openai_classifier
  timestamp: '2025-11-25T13:42:45.958593'
metrics:
  f1: 0.8699124162802679
  hamming_loss: 0.030293663060278208
  micro_f1: 0.9697063369397217
  micro_precision: 0.9697063369397217
  micro_recall: 0.9697063369397217
  precision: 0.9003091190108191
  recall: 0.8560020607934056
  subset_accuracy: 0.8129829984544049
