metadata:
  dataset_name: validation
  experiment_id: 2025-12-09_16-33-55_reuters_train2_20251209_163336
  git_commit: 9d0adf44b7826ffd0cd358a1c6df6b31a35bcae4
  model_name: fusion_ensemble
  timestamp: '2025-12-09T16:34:02.234268'
metrics:
  f1: 0.39464193714580115
  hamming_loss: 0.0723338485316847
  micro_f1: 0.9276661514683153
  micro_precision: 0.9276661514683153
  micro_recall: 0.9276661514683153
  precision: 0.3956723338485317
  recall: 0.3941267387944359
  subset_accuracy: 0.39258114374034003
