metadata:
  dataset_name: test
  experiment_id: 2025-12-09_16-33-55_reuters_train2_20251209_163336
  git_commit: 9d0adf44b7826ffd0cd358a1c6df6b31a35bcae4
  model_name: fusion_ensemble
  timestamp: '2025-12-09T16:34:19.349474'
metrics:
  f1: 0.4019646365422397
  hamming_loss: 0.07021611001964637
  micro_f1: 0.9297838899803537
  micro_precision: 0.9297838899803537
  micro_recall: 0.9297838899803537
  precision: 0.4019646365422397
  recall: 0.4019646365422397
  subset_accuracy: 0.4019646365422397
