metadata:
  dataset_name: test
  experiment_id: 2025-11-22_20-47-36_reuters_fusion_100000ppm_20251122_204733_openai
  git_commit: a072cfb0be693121a8d2bb5f419ab2ad37aa3bc5
  model_name: openai_classifier
  timestamp: '2025-11-22T20:47:58.209999'
metrics:
  f1: 0.5183366077275704
  hamming_loss: 0.05858546168958743
  micro_f1: 0.9414145383104126
  micro_precision: 0.9414145383104126
  micro_recall: 0.9414145383104126
  precision: 0.5332023575638507
  recall: 0.5112639161755076
  subset_accuracy: 0.4907662082514735
