metadata:
  dataset_name: validation
  experiment_id: 2025-11-07_18-31-27_goemotions_40pct_2025-11-07_18-31-13
  git_commit: 04a9d080a5f09968d8d3c2db7968382971388af4
  model_name: fusion_ensemble
  timestamp: '2025-11-07T18:31:37.745102'
metrics:
  f1: 0.27
  hamming_loss: 0.05921428571428571
  micro_f1: 0.9407857142857143
  micro_precision: 0.9407857142857143
  micro_recall: 0.9407857142857143
  precision: 0.27
  recall: 0.27
  subset_accuracy: 0.27
