metadata:
  dataset_name: val
  experiment_id: 2025-12-05_14-02-20_reuters_fusion_100000ppm_20251205_140219_openai
  git_commit: d71a60cace81678d4ac24e8e268446510d6b7b1c
  model_name: openai_classifier
  timestamp: '2025-12-05T14:04:29.129754'
metrics:
  f1: 0.0
  hamming_loss: 0.11128284389489954
  micro_f1: 0.8887171561051005
  micro_precision: 0.8887171561051005
  micro_recall: 0.8887171561051005
  precision: 0.0
  recall: 0.0
  subset_accuracy: 0.0
