metadata:
  dataset_name: test
  experiment_id: 2025-12-05_15-07-33_reuters_fusion_100000ppm_20251205_150732_openai
  git_commit: 6f7ef1a97693e915b8c5676d8f8eff83c044281f
  model_name: openai_classifier
  timestamp: '2025-12-05T15:07:57.316080'
metrics:
  f1: 0.0
  hamming_loss: 0.10950884086444009
  micro_f1: 0.8904911591355599
  micro_precision: 0.8904911591355599
  micro_recall: 0.8904911591355599
  precision: 0.0
  recall: 0.0
  subset_accuracy: 0.0
