metadata:
  dataset_name: test
  experiment_id: 2025-12-09_11-12-09_reuters_train20_20251209_111207_openai
  git_commit: e6a710c405288b316905bd276ce0501d3e2d5f36
  model_name: openai_classifier
  timestamp: '2025-12-09T11:12:48.234974'
metrics:
  f1: 0.9315651604453177
  hamming_loss: 0.01744597249508841
  micro_f1: 0.9825540275049116
  micro_precision: 0.9825540275049116
  micro_recall: 0.9825540275049116
  precision: 0.9572364112639161
  recall: 0.9200392927308448
  subset_accuracy: 0.8821218074656189
