metadata:
  dataset_name: test
  experiment_id: 2025-11-07_19-09-26_goemotions_10pct_2025-11-07_19-09-11
  git_commit: 04a9d080a5f09968d8d3c2db7968382971388af4
  model_name: fusion_ensemble
  timestamp: '2025-11-07T19:09:44.219349'
metrics:
  f1: 0.09346435364130343
  hamming_loss: 0.5129285714285714
  micro_f1: 0.48707142857142854
  micro_precision: 0.48707142857142854
  micro_recall: 0.48707142857142854
  precision: 0.05123684007770695
  recall: 0.6361666666666667
  subset_accuracy: 0.0
