metadata:
  dataset_name: validation
  experiment_id: 2025-11-20_20-48-34_reuters_10pct_2025-11-20_20-48-33
  git_commit: 9ac239ba2b22d557e441f478f1794b52b69d6991
  model_name: fusion_ensemble
  timestamp: '2025-11-20T20:48:49.664327'
metrics:
  f1: 0.13333333333333333
  hamming_loss: 0.74
  micro_f1: 0.26
  micro_precision: 0.26
  micro_recall: 0.26
  precision: 0.075
  recall: 0.6
  subset_accuracy: 0.0
