metadata:
  dataset_name: test
  experiment_id: 2025-11-11_14-23-29_goemotions_10pct_2025-11-11_14-22-58
  git_commit: 04a9d080a5f09968d8d3c2db7968382971388af4
  model_name: fusion_ensemble
  timestamp: '2025-11-11T14:39:03.414721'
metrics:
  f1: 0.09016642973255437
  hamming_loss: 0.6566428571428572
  micro_f1: 0.34335714285714286
  micro_precision: 0.34335714285714286
  micro_recall: 0.34335714285714286
  precision: 0.04840707023379994
  recall: 0.7756000000000001
  subset_accuracy: 0.0
