metadata:
  dataset_name: validation
  experiment_id: 2025-11-11_14-23-29_goemotions_10pct_2025-11-11_14-22-58
  git_commit: 04a9d080a5f09968d8d3c2db7968382971388af4
  model_name: fusion_ensemble
  timestamp: '2025-11-11T14:38:57.094223'
metrics:
  f1: 0.09298185139155525
  hamming_loss: 0.6532142857142857
  micro_f1: 0.3467857142857143
  micro_precision: 0.3467857142857143
  micro_recall: 0.3467857142857143
  precision: 0.05014328771600813
  recall: 0.759
  subset_accuracy: 0.0
