metadata:
  dataset_name: test
  experiment_id: 2025-11-22_20-03-54_reuters_fusion_100000ppm_20251122_200351_openai
  git_commit: ade8a91da9a478b9ba2526b1179d101bb7f9e864
  model_name: openai_classifier
  timestamp: '2025-11-22T20:05:37.571022'
metrics:
  f1: 0.5183366077275704
  hamming_loss: 0.05858546168958743
  micro_f1: 0.9414145383104126
  micro_precision: 0.9414145383104126
  micro_recall: 0.9414145383104126
  precision: 0.5332023575638507
  recall: 0.5112639161755076
  subset_accuracy: 0.4907662082514735
