metadata:
  dataset_name: test
  experiment_id: 2025-10-20_20-51-42_ag_news_3pct_2025-10-20_20-51-42_roberta
  git_commit: 24f5d3e9febffa43560e191bcce5d720ba82fb21
  model_name: roberta_classifier
  timestamp: '2025-10-20T20:52:55.312099'
metrics:
  accuracy: 0.738
  classification_report:
    accuracy: 0.738
    label_1:
      f1-score: 0.6073298429319371
      precision: 0.8787878787878788
      recall: 0.464
      support: 125.0
    label_2:
      f1-score: 0.8823529411764706
      precision: 0.9292035398230089
      recall: 0.84
      support: 125.0
    label_3:
      f1-score: 0.7043189368770764
      precision: 0.6022727272727273
      recall: 0.848
      support: 125.0
    label_4:
      f1-score: 0.7407407407407407
      precision: 0.6896551724137931
      recall: 0.8
      support: 125.0
    macro avg:
      f1-score: 0.7336856154315561
      precision: 0.7749798295743521
      recall: 0.738
      support: 500.0
    weighted avg:
      f1-score: 0.7336856154315562
      precision: 0.7749798295743521
      recall: 0.738
      support: 500.0
  f1_weighted: 0.7336856154315562
  precision_weighted: 0.7749798295743521
  recall_weighted: 0.738
