metadata:
  dataset_name: validation
  experiment_id: 2025-10-20_20-51-42_ag_news_3pct_2025-10-20_20-51-42_roberta
  git_commit: 24f5d3e9febffa43560e191bcce5d720ba82fb21
  model_name: roberta_classifier
  timestamp: '2025-10-20T20:52:02.395800'
metrics:
  accuracy: 0.72
  classification_report:
    accuracy: 0.72
    label_1:
      f1-score: 0.5728155339805825
      precision: 0.7283950617283951
      recall: 0.472
      support: 125.0
    label_2:
      f1-score: 0.9166666666666666
      precision: 0.9565217391304348
      recall: 0.88
      support: 125.0
    label_3:
      f1-score: 0.6666666666666666
      precision: 0.609271523178808
      recall: 0.736
      support: 125.0
    label_4:
      f1-score: 0.7122302158273381
      precision: 0.6470588235294118
      recall: 0.792
      support: 125.0
    macro avg:
      f1-score: 0.7170947707853135
      precision: 0.7353117868917624
      recall: 0.72
      support: 500.0
    weighted avg:
      f1-score: 0.7170947707853135
      precision: 0.7353117868917624
      recall: 0.72
      support: 500.0
  f1_weighted: 0.7170947707853135
  precision_weighted: 0.7353117868917624
  recall_weighted: 0.72
