metadata:
  dataset_name: test
  experiment_id: 2025-11-11_14-52-06_goemotions_20pct_2025-11-11_14-51-51
  git_commit: 04a9d080a5f09968d8d3c2db7968382971388af4
  model_name: fusion_ensemble
  timestamp: '2025-11-11T14:52:23.557060'
metrics:
  f1: 0.08594356361472263
  hamming_loss: 0.8808571428571429
  micro_f1: 0.11914285714285715
  micro_precision: 0.11914285714285715
  micro_recall: 0.11914285714285715
  precision: 0.04529516266342353
  recall: 0.9753333333333334
  subset_accuracy: 0.0
