metadata:
  dataset_name: validation
  experiment_id: 2025-12-05_14-02-20_reuters_fusion_100000ppm_20251205_140219
  git_commit: d71a60cace81678d4ac24e8e268446510d6b7b1c
  model_name: fusion_ensemble
  timestamp: '2025-12-05T14:04:31.451549'
metrics:
  f1: 0.8235445646573931
  hamming_loss: 0.028284389489953633
  micro_f1: 0.9717156105100464
  micro_precision: 0.9717156105100464
  micro_recall: 0.9717156105100464
  precision: 0.8531684698608965
  recall: 0.809376609994848
  subset_accuracy: 0.768160741885626
