metadata:
  dataset_name: validation
  experiment_id: 2025-11-24_17-55-14_reuters_fusion_100000ppm_20251124_175511
  git_commit: e5f858798f447b100973adce6b0310abdae51260
  model_name: fusion_ensemble
  timestamp: '2025-11-24T17:55:58.135920'
metrics:
  f1: 0.0
  hamming_loss: 0.11143740340030912
  micro_f1: 0.8885625965996908
  micro_precision: 0.8885625965996908
  micro_recall: 0.8885625965996908
  precision: 0.0
  recall: 0.0
  subset_accuracy: 0.0
