metadata:
  dataset_name: test
  experiment_id: 2025-12-02_15-27-03_reuters_fusion_100000ppm_20251202_152702
  git_commit: bb47ce1039bb36f72a2110dff691998fd9b62cf2
  model_name: fusion_ensemble
  timestamp: '2025-12-02T15:31:18.341822'
metrics:
  f1: 0.0
  hamming_loss: 0.10950884086444009
  micro_f1: 0.8904911591355599
  micro_precision: 0.8904911591355599
  micro_recall: 0.8904911591355599
  precision: 0.0
  recall: 0.0
  subset_accuracy: 0.0
