metadata:
  dataset_name: validation
  experiment_id: 2025-10-20_20-22-30_ag_news_40pct_2025-10-20_20-22-30_roberta
  git_commit: 24f5d3e9febffa43560e191bcce5d720ba82fb21
  model_name: roberta_classifier
  timestamp: '2025-10-20T20:23:54.896729'
metrics:
  accuracy: 0.922
  classification_report:
    accuracy: 0.922
    label_1:
      f1-score: 0.9230769230769231
      precision: 0.9344262295081968
      recall: 0.912
      support: 125.0
    label_2:
      f1-score: 0.976
      precision: 0.976
      recall: 0.976
      support: 125.0
    label_3:
      f1-score: 0.8949416342412452
      precision: 0.8712121212121212
      recall: 0.92
      support: 125.0
    label_4:
      f1-score: 0.8943089430894309
      precision: 0.9090909090909091
      recall: 0.88
      support: 125.0
    macro avg:
      f1-score: 0.9220818751018998
      precision: 0.9226823149528067
      recall: 0.9219999999999999
      support: 500.0
    weighted avg:
      f1-score: 0.9220818751018999
      precision: 0.9226823149528068
      recall: 0.922
      support: 500.0
  f1_weighted: 0.9220818751018999
  precision_weighted: 0.9226823149528068
  recall_weighted: 0.922
