metadata:
  dataset_name: validation
  experiment_id: 2025-11-20_20-56-49_reuters_20pct_2025-11-20_20-56-49
  git_commit: 9ac239ba2b22d557e441f478f1794b52b69d6991
  model_name: fusion_ensemble
  timestamp: '2025-11-20T20:59:08.727152'
metrics:
  f1: 0.16666666666666669
  hamming_loss: 0.5
  micro_f1: 0.5
  micro_precision: 0.5
  micro_recall: 0.5
  precision: 0.1
  recall: 0.5
  subset_accuracy: 0.0
