metadata:
  dataset_name: test
  experiment_id: 2025-11-11_14-43-17_goemotions_100pct_2025-11-11_14-43-17_openai
  git_commit: 04a9d080a5f09968d8d3c2db7968382971388af4
  model_name: openai_classifier
  timestamp: '2025-11-11T14:43:33.723264'
metrics:
  f1: 0.2616
  hamming_loss: 0.056857142857142856
  micro_f1: 0.9431428571428572
  micro_precision: 0.9431428571428572
  micro_recall: 0.9431428571428572
  precision: 0.294
  recall: 0.247
  subset_accuracy: 0.206
