metadata:
  dataset_name: validation
  experiment_id: 2025-10-16_14-17-30_roberta_roberta-base
  git_commit: e5f8bb8cee1ed3dcdd92621adc1f517948d73daf
  model_name: roberta_classifier
  timestamp: '2025-10-16T14:20:42.666763'
metrics:
  accuracy: 0.92
  classification_report:
    accuracy: 0.92
    label_1:
      f1-score: 0.9206349206349206
      precision: 0.9133858267716536
      recall: 0.928
      support: 125.0
    label_2:
      f1-score: 0.9758064516129032
      precision: 0.983739837398374
      recall: 0.968
      support: 125.0
    label_3:
      f1-score: 0.8976377952755905
      precision: 0.8837209302325582
      recall: 0.912
      support: 125.0
    label_4:
      f1-score: 0.8861788617886179
      precision: 0.9008264462809917
      recall: 0.872
      support: 125.0
    macro avg:
      f1-score: 0.9200645073280082
      precision: 0.9204182601708943
      recall: 0.9199999999999999
      support: 500.0
    weighted avg:
      f1-score: 0.9200645073280082
      precision: 0.9204182601708943
      recall: 0.92
      support: 500.0
  f1_weighted: 0.9200645073280082
  precision_weighted: 0.9204182601708943
  recall_weighted: 0.92
