metadata:
  dataset_name: test
  experiment_id: 2025-10-13_17-22-27_roberta_roberta-base
  git_commit: 7467cf97e00e18596935ce34cdc3b0821cbd317f
  model_name: roberta_classifier
  timestamp: '2025-10-13T17:23:20.477726'
metrics:
  accuracy: 0.4
  classification_report:
    accuracy: 0.4
    label_1:
      f1-score: 0.8
      precision: 0.6666666666666666
      recall: 1.0
      support: 2.0
    label_2:
      f1-score: 0.0
      precision: 0.0
      recall: 0.0
      support: 1.0
    label_3:
      f1-score: 0.0
      precision: 0.0
      recall: 0.0
      support: 2.0
    label_4:
      f1-score: 0.0
      precision: 0.0
      recall: 0.0
      support: 0.0
    macro avg:
      f1-score: 0.2
      precision: 0.16666666666666666
      recall: 0.25
      support: 5.0
    weighted avg:
      f1-score: 0.32
      precision: 0.26666666666666666
      recall: 0.4
      support: 5.0
  f1_weighted: 0.32
  precision_weighted: 0.26666666666666666
  recall_weighted: 0.4
