metadata:
  dataset_name: test
  experiment_id: 2025-11-11_16-23-02_goemotions_70pct_2025-11-11_16-22-48
  git_commit: f8bc36cd78b47b94557e48b353b85ac1fd17bf73
  model_name: fusion_ensemble
  timestamp: '2025-11-11T16:23:19.529020'
metrics:
  f1: 0.08890828548419787
  hamming_loss: 0.7837142857142857
  micro_f1: 0.21628571428571428
  micro_precision: 0.21628571428571428
  micro_recall: 0.21628571428571428
  precision: 0.04713234324177789
  recall: 0.9048333333333334
  subset_accuracy: 0.0
