metadata:
  dataset_name: validation
  experiment_id: 2025-11-11_16-23-02_goemotions_70pct_2025-11-11_16-22-48
  git_commit: f8bc36cd78b47b94557e48b353b85ac1fd17bf73
  model_name: fusion_ensemble
  timestamp: '2025-11-11T16:23:13.560063'
metrics:
  f1: 0.09089025002632672
  hamming_loss: 0.7726428571428572
  micro_f1: 0.22735714285714287
  micro_precision: 0.22735714285714287
  micro_recall: 0.22735714285714287
  precision: 0.04826747573789437
  recall: 0.8995
  subset_accuracy: 0.0
