metadata:
  dataset_name: test
  experiment_id: 2025-11-07_18-34-23_goemotions_100pct_2025-11-07_18-34-22
  git_commit: 04a9d080a5f09968d8d3c2db7968382971388af4
  model_name: fusion_ensemble
  timestamp: '2025-11-07T18:34:40.726237'
metrics:
  f1: 0.2673333333333333
  hamming_loss: 0.05871428571428571
  micro_f1: 0.9412857142857143
  micro_precision: 0.9412857142857143
  micro_recall: 0.9412857142857143
  precision: 0.268
  recall: 0.267
  subset_accuracy: 0.266
