metadata:
  dataset_name: validation
  experiment_id: 2025-11-11_14-41-56_goemotions_70pct_2025-11-11_14-41-42
  git_commit: 04a9d080a5f09968d8d3c2db7968382971388af4
  model_name: fusion_ensemble
  timestamp: '2025-11-11T14:42:07.786251'
metrics:
  f1: 0.10209602645376639
  hamming_loss: 0.4677142857142857
  micro_f1: 0.5322857142857143
  micro_precision: 0.5322857142857143
  micro_recall: 0.5322857142857143
  precision: 0.05625422835678253
  recall: 0.6405
  subset_accuracy: 0.0
