metadata:
  dataset_name: test
  experiment_id: 2025-11-22_20-03-54_reuters_fusion_100000ppm_20251122_200351
  git_commit: ade8a91da9a478b9ba2526b1179d101bb7f9e864
  model_name: fusion_ensemble
  timestamp: '2025-11-22T20:05:39.389573'
metrics:
  f1: 0.23143418467583496
  hamming_loss: 0.08640471512770137
  micro_f1: 0.9135952848722986
  micro_precision: 0.9135952848722986
  micro_recall: 0.9135952848722986
  precision: 0.23143418467583496
  recall: 0.23143418467583496
  subset_accuracy: 0.23143418467583496
