metadata:
  dataset_name: validation
  experiment_id: 2025-11-22_20-03-54_reuters_fusion_100000ppm_20251122_200351
  git_commit: ade8a91da9a478b9ba2526b1179d101bb7f9e864
  model_name: fusion_ensemble
  timestamp: '2025-11-22T20:04:01.042633'
metrics:
  f1: 0.422462648119526
  hamming_loss: 0.06924265842349304
  micro_f1: 0.9307573415765069
  micro_precision: 0.9307573415765069
  micro_recall: 0.9307573415765069
  precision: 0.4234930448222566
  recall: 0.42194744976816073
  subset_accuracy: 0.42040185471406494
