metadata:
  dataset_name: validation
  experiment_id: 2025-11-11_14-54-48_goemotions_70pct_2025-11-11_14-54-32
  git_commit: 04a9d080a5f09968d8d3c2db7968382971388af4
  model_name: fusion_ensemble
  timestamp: '2025-11-11T14:54:58.647233'
metrics:
  f1: 0.019466666666666663
  hamming_loss: 0.07828571428571429
  micro_f1: 0.9217142857142857
  micro_precision: 0.9217142857142857
  micro_recall: 0.9217142857142857
  precision: 0.022
  recall: 0.0185
  subset_accuracy: 0.016
