metadata:
  dataset_name: test
  experiment_id: 2025-11-07_19-03-06_goemotions_10pct_2025-11-07_19-02-51
  git_commit: 04a9d080a5f09968d8d3c2db7968382971388af4
  model_name: fusion_ensemble
  timestamp: '2025-11-07T19:03:24.529071'
metrics:
  f1: 0.09630981868811456
  hamming_loss: 0.6597142857142857
  micro_f1: 0.3402857142857143
  micro_precision: 0.3402857142857143
  micro_recall: 0.3402857142857143
  precision: 0.05169433880498088
  recall: 0.829
  subset_accuracy: 0.0
