metadata:
  dataset_name: val
  experiment_id: 2025-11-27_18-12-13_reuters_fusion_100000ppm_20251127_181210_openai
  git_commit: d69e948ee176548e394fe6f34d23885278ef394c
  model_name: openai_classifier
  timestamp: '2025-11-27T18:13:27.035763'
metrics:
  f1: 0.8699124162802679
  hamming_loss: 0.030293663060278208
  micro_f1: 0.9697063369397217
  micro_precision: 0.9697063369397217
  micro_recall: 0.9697063369397217
  precision: 0.9003091190108191
  recall: 0.8560020607934056
  subset_accuracy: 0.8129829984544049
