metadata:
  dataset_name: validation
  experiment_id: 2025-11-20_01-24-34_reuters_20pct_2025-11-20_01-24-34
  git_commit: 9ac239ba2b22d557e441f478f1794b52b69d6991
  model_name: fusion_ensemble
  timestamp: '2025-11-20T01:26:32.644699'
metrics:
  f1: 0.35
  hamming_loss: 0.26
  micro_f1: 0.74
  micro_precision: 0.74
  micro_recall: 0.74
  precision: 0.2333333333333333
  recall: 0.7
  subset_accuracy: 0.0
