metadata:
  dataset_name: validation
  experiment_id: 2025-11-26_19-37-58_reuters_fusion_100000ppm_20251126_193756
  git_commit: 2cd291812cd727d3a8793478924f8de96ffea833
  model_name: fusion_ensemble
  timestamp: '2025-11-26T19:38:05.065965'
metrics:
  f1: 0.0
  hamming_loss: 0.11128284389489954
  micro_f1: 0.8887171561051005
  micro_precision: 0.8887171561051005
  micro_recall: 0.8887171561051005
  precision: 0.0
  recall: 0.0
  subset_accuracy: 0.0
