metadata:
  dataset_name: test
  experiment_id: 2025-12-01_16-54-12_reuters_fusion_100000ppm_20251201_165412
  git_commit: 618cafdee3609190d8da202aefc502efa6bac9cb
  model_name: fusion_ensemble
  timestamp: '2025-12-01T22:31:38.163836'
metrics:
  f1: 0.0
  hamming_loss: 0.10950884086444009
  micro_f1: 0.8904911591355599
  micro_precision: 0.8904911591355599
  micro_recall: 0.8904911591355599
  precision: 0.0
  recall: 0.0
  subset_accuracy: 0.0
