metadata:
  dataset_name: validation
  experiment_id: 2025-12-05_15-13-42_reuters_fusion_100000ppm_20251205_151341
  git_commit: 6f7ef1a97693e915b8c5676d8f8eff83c044281f
  model_name: fusion_ensemble
  timestamp: '2025-12-05T15:13:49.909143'
metrics:
  f1: 0.79881504379186
  hamming_loss: 0.030293663060278208
  micro_f1: 0.9697063369397217
  micro_precision: 0.9697063369397217
  micro_recall: 0.9697063369397217
  precision: 0.8299845440494591
  recall: 0.7838742916022668
  subset_accuracy: 0.740340030911901
