metadata:
  dataset_name: test
  experiment_id: 2025-12-05_15-13-42_reuters_fusion_100000ppm_20251205_151341
  git_commit: 6f7ef1a97693e915b8c5676d8f8eff83c044281f
  model_name: fusion_ensemble
  timestamp: '2025-12-05T15:14:06.051860'
metrics:
  f1: 0.9315651604453177
  hamming_loss: 0.01744597249508841
  micro_f1: 0.9825540275049116
  micro_precision: 0.9825540275049116
  micro_recall: 0.9825540275049116
  precision: 0.9572364112639161
  recall: 0.9200392927308448
  subset_accuracy: 0.8821218074656189
