metadata:
  dataset_name: validation
  experiment_id: 2025-12-09_16-26-35_reuters_train60_20251209_162632
  git_commit: 9d0adf44b7826ffd0cd358a1c6df6b31a35bcae4
  model_name: fusion_ensemble
  timestamp: '2025-12-09T16:26:41.657577'
metrics:
  f1: 0.9411643482740855
  hamming_loss: 0.0160741885625966
  micro_f1: 0.9839258114374034
  micro_precision: 0.9839258114374034
  micro_recall: 0.9839258114374034
  precision: 0.9420401854714064
  recall: 0.9528593508500772
  subset_accuracy: 0.8794435857805255
