metadata:
  dataset_name: validation
  experiment_id: 2025-11-20_22-10-44_reuters_10pct_2025-11-20_22-10-43
  git_commit: 9ac239ba2b22d557e441f478f1794b52b69d6991
  model_name: fusion_ensemble
  timestamp: '2025-11-20T22:20:58.545467'
metrics:
  f1: 0.12000000000000002
  hamming_loss: 0.44
  micro_f1: 0.56
  micro_precision: 0.56
  micro_recall: 0.56
  precision: 0.075
  recall: 0.3
  subset_accuracy: 0.0
