metadata:
  dataset_name: validation
  experiment_id: 2025-11-07_06-15-57_goemotions_70pct_2025-11-07_06-15-42
  git_commit: 374caf6c55d7698b04fa708ec58a721413b803e3
  model_name: fusion_ensemble
  timestamp: '2025-11-07T07:47:53.645273'
metrics:
  f1: 0.27
  hamming_loss: 0.05921428571428571
  micro_f1: 0.9407857142857143
  micro_precision: 0.9407857142857143
  micro_recall: 0.9407857142857143
  precision: 0.27
  recall: 0.27
  subset_accuracy: 0.27
