metadata:
  dataset_name: test
  experiment_id: 2025-12-09_16-28-06_reuters_train100_20251209_162758
  git_commit: 9d0adf44b7826ffd0cd358a1c6df6b31a35bcae4
  model_name: fusion_ensemble
  timestamp: '2025-12-09T16:28:29.483091'
metrics:
  f1: 0.959751146037983
  hamming_loss: 0.010333988212180746
  micro_f1: 0.9896660117878192
  micro_precision: 0.9896660117878192
  micro_recall: 0.9896660117878192
  precision: 0.9671905697445973
  recall: 0.9610347085789129
  subset_accuracy: 0.9225933202357564
