metadata:
  dataset_name: test
  experiment_id: 2025-10-30_20-23-09_openai_gpt_5_nano
  git_commit: d897a29f3ebc920a4543d5f0b8c3d601db9802cb
  model_name: openai_classifier
  timestamp: '2025-10-31T02:15:24.471205'
metrics:
  f1: 0.2849333333333333
  hamming_loss: 0.054785714285714285
  micro_f1: 0.9452142857142857
  micro_precision: 0.9452142857142857
  micro_recall: 0.9452142857142857
  precision: 0.32
  recall: 0.269
  subset_accuracy: 0.224
