metadata:
  dataset_name: validation
  experiment_id: 2025-11-11_16-22-01_goemotions_50pct_2025-11-11_16-21-46
  git_commit: f8bc36cd78b47b94557e48b353b85ac1fd17bf73
  model_name: fusion_ensemble
  timestamp: '2025-11-11T16:22:11.793622'
metrics:
  f1: 0.08714565890705557
  hamming_loss: 0.7993571428571429
  micro_f1: 0.20064285714285715
  micro_precision: 0.20064285714285715
  micro_recall: 0.20064285714285715
  precision: 0.04623140738732609
  recall: 0.8845
  subset_accuracy: 0.0
