metadata:
  dataset_name: test
  experiment_id: 2025-11-11_16-22-01_goemotions_50pct_2025-11-11_16-21-46
  git_commit: f8bc36cd78b47b94557e48b353b85ac1fd17bf73
  model_name: fusion_ensemble
  timestamp: '2025-11-11T16:22:17.751638'
metrics:
  f1: 0.08716088986430798
  hamming_loss: 0.8039285714285714
  micro_f1: 0.19607142857142856
  micro_precision: 0.19607142857142856
  micro_recall: 0.19607142857142856
  precision: 0.04621010905348771
  recall: 0.9038333333333334
  subset_accuracy: 0.0
