metadata:
  dataset_name: validation
  experiment_id: 2025-11-22_17-32-38_reuters_fusion_100000ppm_20251122_173238_openai
  git_commit: ade8a91da9a478b9ba2526b1179d101bb7f9e864
  model_name: openai_classifier
  timestamp: '2025-11-22T17:32:45.527114'
metrics:
  f1: 0.8699124162802679
  hamming_loss: 0.030293663060278208
  micro_f1: 0.9697063369397217
  micro_precision: 0.9697063369397217
  micro_recall: 0.9697063369397217
  precision: 0.9003091190108191
  recall: 0.8560020607934056
  subset_accuracy: 0.8129829984544049
