metadata:
  dataset_name: validation
  experiment_id: 2025-11-11_14-39-50_goemotions_30pct_2025-11-11_14-39-36
  git_commit: 04a9d080a5f09968d8d3c2db7968382971388af4
  model_name: fusion_ensemble
  timestamp: '2025-11-11T14:40:02.153236'
metrics:
  f1: 0.06822623650858946
  hamming_loss: 0.3279285714285714
  micro_f1: 0.6720714285714285
  micro_precision: 0.6720714285714285
  micro_recall: 0.6720714285714285
  precision: 0.0396791181041181
  recall: 0.2951666666666667
  subset_accuracy: 0.0
