metadata:
  dataset_name: validation
  experiment_id: 2025-11-22_21-52-55_reuters_fusion_100000ppm_20251122_215252
  git_commit: a3151dc909f4addf8b94dfb0ec91bd2a771baa08
  model_name: fusion_ensemble
  timestamp: '2025-11-22T21:53:01.811318'
metrics:
  f1: 0.0
  hamming_loss: 0.11128284389489954
  micro_f1: 0.8887171561051005
  micro_precision: 0.8887171561051005
  micro_recall: 0.8887171561051005
  precision: 0.0
  recall: 0.0
  subset_accuracy: 0.0
