metadata:
  dataset_name: validation
  experiment_id: 2025-12-09_16-27-18_reuters_train80_20251209_162714
  git_commit: 9d0adf44b7826ffd0cd358a1c6df6b31a35bcae4
  model_name: fusion_ensemble
  timestamp: '2025-12-09T16:27:24.649280'
metrics:
  f1: 0.9637300360638845
  hamming_loss: 0.008809891808346213
  micro_f1: 0.9911901081916538
  micro_precision: 0.9911901081916538
  micro_recall: 0.9911901081916538
  precision: 0.9685729005667181
  recall: 0.9678001030396702
  subset_accuracy: 0.9273570324574961
