metadata:
  dataset_name: test
  experiment_id: 2025-12-09_16-27-18_reuters_train80_20251209_162714
  git_commit: 9d0adf44b7826ffd0cd358a1c6df6b31a35bcae4
  model_name: fusion_ensemble
  timestamp: '2025-12-09T16:27:41.136918'
metrics:
  f1: 0.9539227242960051
  hamming_loss: 0.0118664047151277
  micro_f1: 0.9881335952848723
  micro_precision: 0.9881335952848723
  micro_recall: 0.9881335952848723
  precision: 0.9544859201047805
  recall: 0.9646365422396856
  subset_accuracy: 0.9017681728880157
