metadata:
  dataset_name: test
  experiment_id: 2025-10-20_20-52-59_ag_news_4pct_2025-10-20_20-52-59_roberta
  git_commit: 24f5d3e9febffa43560e191bcce5d720ba82fb21
  model_name: roberta_classifier
  timestamp: '2025-10-20T20:54:12.583301'
metrics:
  accuracy: 0.434
  classification_report:
    accuracy: 0.434
    label_1:
      f1-score: 0.5683060109289617
      precision: 0.896551724137931
      recall: 0.416
      support: 125.0
    label_2:
      f1-score: 0.4789272030651341
      precision: 0.3148614609571788
      recall: 1.0
      support: 125.0
    label_3:
      f1-score: 0.47058823529411764
      precision: 0.8888888888888888
      recall: 0.32
      support: 125.0
    label_4:
      f1-score: 0.0
      precision: 0.0
      recall: 0.0
      support: 125.0
    macro avg:
      f1-score: 0.37945536232205335
      precision: 0.5250755184959996
      recall: 0.434
      support: 500.0
    weighted avg:
      f1-score: 0.37945536232205335
      precision: 0.5250755184959996
      recall: 0.434
      support: 500.0
  f1_weighted: 0.37945536232205335
  precision_weighted: 0.5250755184959996
  recall_weighted: 0.434
