metadata:
  dataset_name: validation
  experiment_id: 2025-10-16_15-20-09_roberta_roberta-base
  git_commit: e5f8bb8cee1ed3dcdd92621adc1f517948d73daf
  model_name: roberta_classifier
  timestamp: '2025-10-16T15:23:21.105771'
metrics:
  accuracy: 0.92
  classification_report:
    accuracy: 0.92
    label_1:
      f1-score: 0.9322709163346613
      precision: 0.9285714285714286
      recall: 0.936
      support: 125.0
    label_2:
      f1-score: 0.9841269841269841
      precision: 0.9763779527559056
      recall: 0.992
      support: 125.0
    label_3:
      f1-score: 0.8790322580645161
      precision: 0.8861788617886179
      recall: 0.872
      support: 125.0
    label_4:
      f1-score: 0.8835341365461847
      precision: 0.8870967741935484
      recall: 0.88
      support: 125.0
    macro avg:
      f1-score: 0.9197410737680866
      precision: 0.9195562543273751
      recall: 0.9199999999999999
      support: 500.0
    weighted avg:
      f1-score: 0.9197410737680866
      precision: 0.9195562543273751
      recall: 0.92
      support: 500.0
  f1_weighted: 0.9197410737680866
  precision_weighted: 0.9195562543273751
  recall_weighted: 0.92
