metadata:
  dataset_name: test
  experiment_id: 2025-11-11_16-24-04_goemotions_90pct_2025-11-11_16-23-50
  git_commit: f8bc36cd78b47b94557e48b353b85ac1fd17bf73
  model_name: fusion_ensemble
  timestamp: '2025-11-11T16:24:21.253591'
metrics:
  f1: 0.09825985549182076
  hamming_loss: 0.6922142857142857
  micro_f1: 0.3077857142857143
  micro_precision: 0.3077857142857143
  micro_recall: 0.3077857142857143
  precision: 0.052533917845663705
  recall: 0.8899333333333332
  subset_accuracy: 0.0
