metadata:
  dataset_name: validation
  experiment_id: 2025-11-11_16-24-04_goemotions_90pct_2025-11-11_16-23-50
  git_commit: f8bc36cd78b47b94557e48b353b85ac1fd17bf73
  model_name: fusion_ensemble
  timestamp: '2025-11-11T16:24:15.279128'
metrics:
  f1: 0.09630273120935391
  hamming_loss: 0.6917857142857143
  micro_f1: 0.3082142857142857
  micro_precision: 0.3082142857142857
  micro_recall: 0.3082142857142857
  precision: 0.051588523879066345
  recall: 0.8543333333333334
  subset_accuracy: 0.0
